88
     20.000000 	       0.000000 	      20.000000 
      0.000000 	       0.000000 	      20.000000 
     16.366665 	      15.036067 	      14.381200 	 Mg 
      3.597551 	       2.205280 	       7.540605 	 Mg 
      7.314456 	      13.246315 	      11.372660 	 Mg 
     14.584799 	      14.849129 	       8.104772 	 Mg 
      7.367952 	      15.367308 	      10.511458 	 Mg 
     10.989780 	       7.877833 	      12.637499 	 Mg 
      6.481447 	       5.399797 	      12.889972 	 Mg 
      6.888337 	      15.999411 	      13.425553 	 Mg 
      7.521727 	       5.917355 	       0.250937 	 Mg 
      6.679189 	       8.263808 	      13.907227 	 Mg 
     15.994324 	       3.107352 	       8.636862 	 Mg 
     11.887069 	       5.500169 	       3.159899 	 Mg 
     11.068293 	       5.115759 	       7.580229 	 Mg 
      8.996912 	      14.419087 	       3.597062 	 Mg 
      3.152183 	      16.787953 	       4.321149 	 Mg 
      3.634323 	      10.602366 	      12.691799 	 Mg 
      1.943551 	       9.113216 	       2.206856 	 Mg 
     13.479426 	       1.184488 	       7.887405 	 Mg 
      1.154745 	      10.387700 	      12.123808 	 Mg 
      2.897827 	      13.116944 	       5.327699 	 Mg 
     16.820828 	       9.702937 	      14.073425 	 Mg 
      9.742524 	       5.493698 	       2.182321 	 Mg 
      8.955801 	       1.611996 	      14.915921 	 Mg 
      1.863034 	      13.079964 	      11.162902 	 Mg 
     11.015027 	      16.901843 	      17.209014 	 Mg 
     17.714456 	      13.382613 	       0.598864 	 Mg 
      9.028605 	       7.768456 	       0.378923 	 Mg 
      6.973828 	       1.930585 	       2.302472 	 Mg 
     11.810203 	       1.963982 	       1.717064 	 Mg 
     12.969052 	       3.851800 	       5.670454 	 Mg 
     13.744517 	       3.736580 	       3.529849 	 Mg 
      8.963112 	      17.061186 	      13.502714 	 Mg 
     16.201204 	       3.241710 	      16.127782 	 Mg 
     17.787634 	       2.950567 	       7.039283 	 Mg 
     15.924213 	      17.814960 	       9.158390 	 Mg 
     12.639024 	      13.853855 	      14.533384 	 Mg 
     10.493413 	      12.612289 	      11.692553 	 Mg 
     10.490912 	      12.614742 	      15.808087 	 Mg 
     10.842488 	       0.349734 	       8.995571 	 Mg 
      5.550625 	       3.425566 	       1.214784 	 Mg 
     13.332369 	      10.004469 	      14.359849 	 Mg 
      3.673812 	       4.404362 	      16.699817 	 Mg 
      1.965437 	      10.568178 	      10.166354 	 Mg 
      8.342016 	       4.074022 	      11.078499 	 Mg 
      2.940413 	      16.475945 	      14.122105 	 O 
      2.228787 	       0.456008 	       2.362302 	 O 
     11.843340 	      10.900364 	      15.699113 	 O 
      0.386747 	       9.063466 	      14.928340 	 O 
      5.897157 	       5.881217 	       9.883550 	 O 
     14.680989 	      14.400305 	      10.691347 	 O 
     12.351409 	      12.924530 	       2.421027 	 O 
      6.180143 	       3.657041 	       5.048553 	 O 
     10.736984 	       3.090871 	      17.319146 	 O 
      3.369749 	       0.059676 	      12.916155 	 O 
     15.227202 	       4.935130 	       6.371646 	 O 
      2.300032 	       5.753869 	       1.044849 	 O 
     15.376437 	      14.764486 	       1.520424 	 O 
      7.744698 	       8.654505 	       4.873377 	 O 
      9.095595 	       7.434705 	      16.372104 	 O 
      7.155819 	      17.601370 	      10.959613 	 O 
      6.912343 	      17.637733 	      17.403476 	 O 
      5.819586 	       0.782159 	       8.910595 	 O 
      6.245739 	      13.982924 	       3.875321 	 O 
      7.179524 	       0.446117 	      15.124625 	 O 
     12.964344 	       0.057938 	      10.229716 	 O 
     12.296830 	      10.891936 	      12.643646 	 O 
      3.416371 	       8.648843 	      13.808375 	 O 
      4.542687 	      15.829061 	      17.155156 	 O 
      3.195395 	      10.700847 	      15.811687 	 O 
      0.321537 	       0.474355 	      16.223792 	 O 
      4.355981 	      10.570330 	       5.973813 	 O 
     13.876592 	       5.538562 	      15.399531 	 O 
      4.154858 	       8.723460 	       7.970573 	 O 
      9.110422 	       3.663539 	       3.453163 	 O 
      5.113722 	       1.513377 	      17.372220 	 O 
     10.498039 	      15.573707 	      12.203529 	 O 
     16.779501 	      10.654615 	       0.316889 	 O 
      5.916589 	      14.115824 	       6.392381 	 O 
      6.952990 	       7.476133 	       3.253752 	 O 
      9.731719 	       5.066027 	      13.834824 	 O 
     16.728610 	       6.182895 	       1.407494 	 O 
     11.153720 	      16.578673 	       4.801726 	 O 
      9.365178 	      10.688447 	       5.631192 	 O 
      7.435881 	      15.688532 	       6.480769 	 O 
     10.582691 	      13.910586 	       7.870316 	 O 
     15.151062 	       9.905016 	       8.554479 	 O 
     17.295216 	       8.905069 	      16.835854 	 O 
     16.478019 	      15.455953 	      11.913524 	 O 
