74
     30.000000 	       0.000000 	      30.000000 
      0.000000 	       0.000000 	      30.000000 
     13.450813 	      26.920939 	      14.972889 	 Mg 
      5.825146 	      22.647467 	      13.889909 	 Mg 
     25.540608 	      11.287170 	       9.012730 	 Mg 
     11.858206 	      22.839265 	      18.455844 	 Mg 
     19.305128 	      12.699184 	       1.304574 	 Mg 
     12.427526 	       7.510013 	       1.739260 	 Mg 
     19.159315 	      26.486857 	      25.526736 	 Mg 
      5.377956 	      10.571569 	      16.041283 	 Mg 
     18.518301 	      17.067916 	       6.150026 	 Mg 
      4.703201 	      15.349893 	      22.959579 	 Mg 
     14.627344 	       0.857275 	       2.857125 	 Mg 
     16.522445 	       7.343460 	      10.406775 	 Mg 
      5.413973 	      26.165436 	       4.684140 	 Mg 
     10.612575 	      13.330558 	      26.310501 	 Mg 
     17.569090 	       0.983495 	      22.804685 	 Mg 
     10.245448 	      21.761175 	      11.368719 	 Mg 
     26.372735 	      27.015505 	      23.972262 	 Mg 
      3.910857 	       3.976432 	       7.327728 	 Mg 
     27.054636 	      16.183555 	      13.303805 	 Mg 
     25.857029 	      12.888825 	      20.568841 	 Mg 
      4.088265 	      14.377527 	       6.572397 	 Mg 
      5.342946 	      21.461307 	      17.590322 	 Mg 
      2.136903 	      27.321489 	      15.536508 	 Mg 
      4.538408 	      24.149842 	      18.566037 	 Mg 
      2.434116 	       3.766889 	      23.525305 	 Mg 
     11.704647 	      20.491904 	      12.741711 	 Mg 
      2.984680 	       5.177682 	      11.555599 	 Mg 
      0.108344 	       2.750676 	      26.405817 	 Mg 
     21.037607 	      24.916368 	       5.761271 	 Mg 
     17.042418 	       2.543165 	      12.124053 	 Mg 
     18.262782 	      23.649368 	       9.173333 	 Mg 
     14.800722 	      13.901108 	      18.765203 	 Mg 
      4.824153 	       7.351957 	       3.166909 	 Mg 
     21.229496 	      23.109763 	      25.960047 	 Mg 
      0.879713 	       2.967022 	       3.294019 	 Mg 
     16.570407 	      24.193732 	      21.204167 	 Mg 
     16.420993 	      11.646908 	      13.630171 	 Mg 
     26.410223 	       6.125347 	       5.924503 	 O 
      9.582074 	      14.670016 	      14.999948 	 O 
      3.633272 	      15.439851 	      16.185892 	 O 
      0.770495 	      10.505730 	      12.016620 	 O 
      3.604614 	      27.171810 	      13.271328 	 O 
      3.771152 	      18.293214 	      23.271032 	 O 
     23.081059 	      20.690053 	       3.938806 	 O 
     22.672855 	      25.200004 	      21.936239 	 O 
     19.831508 	       1.290312 	       2.966110 	 O 
     21.111644 	      10.670404 	      14.735999 	 O 
      7.673343 	       9.133791 	      13.239492 	 O 
     26.026320 	       7.158927 	      21.942473 	 O 
     13.166429 	      10.815681 	      10.761968 	 O 
      3.890682 	       0.533989 	      13.876337 	 O 
     20.335173 	      21.157107 	       1.422670 	 O 
      7.797392 	      27.748269 	      12.312828 	 O 
     23.018989 	       1.063562 	       8.647159 	 O 
     14.012534 	      23.213745 	      22.344000 	 O 
     25.766989 	      25.485194 	      21.307308 	 O 
     14.521742 	      16.739400 	      17.424043 	 O 
     17.400700 	      10.922433 	      15.889254 	 O 
     22.880557 	      27.697487 	      24.043793 	 O 
     12.888782 	      25.094512 	      27.489884 	 O 
     12.066338 	      27.361766 	       3.802950 	 O 
     15.229679 	      24.946749 	      11.202961 	 O 
     18.136547 	      25.661841 	      19.662772 	 O 
     27.082341 	      19.531051 	       1.251441 	 O 
     17.863328 	      20.997483 	      17.545994 	 O 
     18.831995 	       4.063402 	       4.949711 	 O 
      0.216703 	      12.163719 	      17.866335 	 O 
      7.709046 	       2.217828 	       5.946484 	 O 
     23.709021 	       0.399087 	      20.556493 	 O 
     15.919686 	      13.324570 	      24.412365 	 O 
     11.012516 	      27.734017 	       6.579292 	 O 
     16.333809 	      13.356344 	      21.275452 	 O 
     26.303987 	      20.791367 	      12.646751 	 O 
     25.664392 	       7.689215 	       1.037291 	 O 
