180
     20.000000 	       0.000000 	      20.000000 
      0.000000 	       0.000000 	      20.000000 
      6.203239 	      15.186727 	       1.948063 	 Mg 
     13.600027 	       5.835510 	      14.808717 	 Mg 
     11.730576 	       9.813427 	      17.976477 	 Mg 
      5.506728 	       1.074788 	      11.781374 	 Mg 
      9.456427 	       0.627039 	       5.382243 	 Mg 
      0.104523 	      12.761043 	       3.257391 	 Mg 
     15.956836 	       9.691514 	       2.663229 	 Mg 
      0.419283 	       0.562889 	      17.540476 	 Mg 
     16.531608 	      14.934205 	       2.082830 	 Mg 
      3.212042 	       6.060158 	       1.104453 	 Mg 
      0.673953 	      11.632446 	      12.987971 	 Mg 
     16.456304 	      11.336031 	      17.670590 	 Mg 
      5.329337 	      15.122077 	      10.623127 	 Mg 
      4.988076 	       2.699433 	      10.485874 	 Mg 
      7.813702 	      14.646693 	      12.711016 	 Mg 
      1.998752 	      15.680104 	       5.951729 	 Mg 
      9.987057 	      11.648552 	       6.745940 	 Mg 
      2.951630 	       7.405657 	      12.423092 	 Mg 
      9.553734 	      12.886590 	       0.578798 	 Mg 
     15.890234 	       1.325016 	       8.242607 	 Mg 
     10.811616 	      14.374156 	      14.766579 	 Mg 
      0.335756 	      15.383623 	      14.466162 	 Mg 
      8.492865 	       1.654770 	       3.412162 	 Mg 
      7.071487 	       1.847391 	       7.224420 	 Mg 
     11.652148 	       0.241125 	      17.056087 	 Mg 
      0.470485 	      10.152785 	       5.923819 	 Mg 
     10.815018 	      15.372949 	       0.745865 	 Mg 
     11.217757 	       3.989668 	       6.934701 	 Mg 
      6.119646 	       7.039978 	       3.273106 	 Mg 
     15.435259 	      16.477618 	       8.359866 	 Mg 
      7.669355 	      10.390500 	       9.348071 	 Mg 
      0.161952 	      14.985233 	       6.917783 	 Mg 
      3.886779 	       2.647345 	      15.339841 	 Mg 
      7.004901 	       5.938930 	       0.757452 	 Mg 
      0.363637 	      17.640940 	       7.899031 	 Mg 
      0.654732 	       5.710111 	      14.698536 	 Mg 
      2.561170 	       7.184978 	      17.941757 	 Mg 
     15.371496 	       3.542413 	       4.148785 	 Mg 
      2.285720 	       1.228979 	      17.256321 	 Mg 
      2.634298 	       1.065810 	       2.434807 	 Mg 
     14.977985 	       5.549747 	       2.910842 	 Mg 
     13.342695 	       0.058149 	       4.212147 	 Mg 
      1.582525 	       7.838678 	       0.733797 	 Mg 
      4.359227 	       8.938001 	       5.764677 	 Mg 
     16.644958 	      12.915250 	       8.973508 	 Mg 
      5.832593 	      16.783163 	       0.394544 	 Mg 
      3.554674 	      15.478152 	       4.592048 	 Mg 
     17.798890 	       2.847532 	       1.232331 	 Mg 
     12.291911 	      16.872654 	      15.012309 	 Mg 
      6.454474 	       4.589615 	       6.287262 	 Mg 
      2.760628 	       5.152872 	      11.158882 	 Mg 
     15.435124 	       1.925832 	      10.924579 	 Mg 
     11.305288 	       7.619575 	       2.266990 	 Mg 
      8.335138 	       1.545446 	      12.591925 	 Mg 
      8.349657 	       7.551134 	       6.887810 	 Mg 
      4.573145 	      17.470679 	       6.974669 	 Mg 
     14.314941 	      13.130717 	      11.001425 	 Mg 
      4.416538 	       2.532388 	       7.964912 	 Mg 
      9.086495 	       2.607169 	      10.695812 	 Mg 
     17.149315 	      10.497680 	       7.205412 	 Mg 
      7.968818 	       6.270820 	      15.843416 	 Mg 
     11.053875 	      11.662993 	       3.828345 	 Mg 
     15.066874 	       7.041477 	      12.408671 	 Mg 
     16.931784 	      10.665403 	      15.549855 	 Mg 
     14.849038 	      12.998421 	       0.721341 	 Mg 
      7.151305 	      11.995553 	       6.145512 	 Mg 
     10.765255 	       0.104409 	      12.565299 	 Mg 
     18.027559 	       5.288903 	      12.893963 	 Mg 
      1.182514 	       2.234757 	      12.748755 	 Mg 
      0.630756 	       8.885655 	      17.649969 	 Mg 
     12.340816 	       1.594682 	      10.457639 	 Mg 
     17.329540 	       9.855211 	      11.779553 	 Mg 
     15.796520 	      13.710547 	      17.494777 	 Mg 
     15.603128 	       1.892351 	      15.416002 	 Mg 
      5.080651 	      11.994470 	       6.503782 	 Mg 
     10.494099 	      11.572077 	      11.035874 	 Mg 
     15.362194 	      13.035719 	       6.387972 	 Mg 
     13.589467 	       3.355015 	       2.466615 	 Mg 
     12.399231 	       8.732593 	      15.703421 	 Mg 
      4.971297 	      14.249357 	       3.062202 	 Mg 
      1.109428 	      10.012059 	       3.087161 	 Mg 
     14.040869 	      11.803185 	       7.268011 	 Mg 
      5.851448 	       7.843976 	      13.660761 	 Mg 
      7.977386 	      12.473706 	       3.912059 	 Mg 
     11.113403 	      17.466210 	       5.151056 	 Mg 
     18.015988 	       8.047988 	       5.100920 	 Mg 
     11.357328 	       1.662537 	       0.464444 	 Mg 
     13.167059 	      17.135138 	       4.717818 	 Mg 
      0.362541 	      17.257200 	       3.063117 	 Mg 
      6.746808 	       3.822757 	      12.109312 	 Mg 
      7.409949 	      12.667491 	      13.711472 	 O 
     16.801305 	       6.982312 	      15.000205 	 O 
      0.720169 	       8.000840 	      10.176152 	 O 
      2.855999 	      13.600675 	       2.194912 	 O 
      5.635816 	      12.423457 	      14.794373 	 O 
      2.534013 	       3.051236 	       6.830542 	 O 
     15.980787 	       4.451496 	      11.200189 	 O 
      0.080384 	      17.495286 	      10.587371 	 O 
     14.101736 	      10.245280 	       2.470083 	 O 
      2.223399 	      14.336506 	      17.822602 	 O 
     18.023436 	       4.860825 	       1.538787 	 O 
      8.135732 	       5.978805 	       4.835224 	 O 
     17.682070 	       0.533764 	       6.445735 	 O 
     10.209812 	       3.844843 	       4.007688 	 O 
      0.987471 	      17.462531 	      15.525423 	 O 
     12.429858 	      10.756708 	       6.880898 	 O 
     17.446153 	      14.825854 	      15.195093 	 O 
      2.464070 	       5.775755 	       6.475051 	 O 
     14.425989 	       8.530024 	       1.197160 	 O 
     11.290266 	      17.003906 	       8.931968 	 O 
      9.127773 	       4.320431 	      17.557263 	 O 
     17.370423 	       4.987877 	       4.537454 	 O 
      8.485919 	      17.057255 	       6.953877 	 O 
      2.134175 	      15.258152 	      11.343592 	 O 
     13.479837 	      11.151151 	      12.495650 	 O 
      6.834598 	       9.921023 	       6.808595 	 O 
     11.174227 	       4.011873 	      14.572018 	 O 
     13.522314 	      17.088538 	       6.955404 	 O 
      4.041781 	       6.049791 	      15.804037 	 O 
      4.877570 	      15.461068 	      13.585856 	 O 
      3.028741 	      18.043971 	       4.166940 	 O 
     16.139120 	      12.412589 	      13.712484 	 O 
     11.287703 	      12.254889 	      16.965070 	 O 
      1.113292 	      10.760075 	      15.913134 	 O 
      2.635053 	       3.401560 	       8.743749 	 O 
      8.268562 	      11.312983 	      11.533845 	 O 
      1.450556 	       4.947334 	      16.359743 	 O 
      8.163130 	      17.932174 	      16.871247 	 O 
      0.061829 	       3.529964 	      14.577808 	 O 
      9.815728 	       2.455644 	       5.850208 	 O 
      6.532286 	       3.441919 	       8.767761 	 O 
      9.656455 	       8.316335 	      15.028271 	 O 
     13.336975 	      16.551756 	      11.964858 	 O 
      0.526982 	      17.799669 	      13.494919 	 O 
      4.257081 	      17.844478 	       9.786667 	 O 
     11.259711 	       2.075533 	      12.918698 	 O 
      3.956327 	      11.159512 	      16.441424 	 O 
     12.501269 	       5.771127 	       3.403473 	 O 
     14.863884 	       4.674180 	       7.516177 	 O 
     15.191040 	      14.558451 	       3.871166 	 O 
      5.072046 	       5.460555 	       3.639032 	 O 
     12.000496 	       8.813047 	       5.193075 	 O 
      3.004993 	       9.075062 	       4.411039 	 O 
      9.623559 	       8.094825 	      10.203661 	 O 
      3.893819 	       8.313397 	      15.457642 	 O 
     15.906727 	      13.690530 	      15.386201 	 O 
      0.410700 	       2.078893 	       8.275907 	 O 
     17.299052 	      15.493507 	       5.601460 	 O 
      4.050406 	      14.717325 	       0.778678 	 O 
     11.399857 	      15.902996 	      13.119392 	 O 
     10.820478 	       6.138281 	      14.161786 	 O 
     12.536815 	      13.423085 	       4.593113 	 O 
     14.825345 	       1.532687 	       4.977817 	 O 
     17.694220 	      16.961532 	      10.611436 	 O 
      1.975375 	      12.712699 	       8.111806 	 O 
     17.232244 	      13.578345 	       6.192612 	 O 
      7.546602 	       0.056531 	       5.034537 	 O 
     17.051545 	       7.232914 	       1.218076 	 O 
     10.833547 	       7.448787 	       4.202328 	 O 
      0.899138 	       8.531833 	      12.012507 	 O 
     12.419574 	       1.677204 	       8.050655 	 O 
      6.845862 	       2.883872 	       2.114504 	 O 
      8.806188 	      14.666307 	       8.762104 	 O 
      6.298980 	       7.675450 	       0.349263 	 O 
      5.879390 	       0.607148 	      15.755800 	 O 
      6.223773 	      17.019163 	       7.936098 	 O 
      1.836938 	      13.923598 	       4.231580 	 O 
     17.730664 	      11.963145 	      12.399383 	 O 
     17.027265 	      17.855536 	      13.025811 	 O 
      9.505980 	       5.097460 	       7.257567 	 O 
      7.299136 	      13.975182 	       5.891891 	 O 
     18.049540 	      10.663708 	       9.658049 	 O 
      9.992629 	      17.650291 	      13.000407 	 O 
     12.152379 	      11.773369 	       9.695030 	 O 
      3.772182 	      10.841331 	       1.209264 	 O 
      7.502632 	      17.836156 	       1.669190 	 O 
      4.014208 	       9.592093 	       8.066103 	 O 
      0.076295 	      14.409259 	      16.166890 	 O 
      1.253505 	      15.868145 	       0.965989 	 O 
      9.294001 	      10.323915 	      16.160835 	 O 
