40
     20.000000 	       0.000000 	      20.000000 
      0.000000 	       0.000000 	      20.000000 
     16.383296 	      13.319448 	       6.541600 	 Mg 
     16.780414 	      13.567760 	      16.114377 	 Mg 
     10.841877 	       8.814350 	       6.192493 	 Mg 
     12.480752 	      14.913471 	       9.147887 	 Mg 
     10.552290 	       9.695738 	      15.788566 	 Mg 
     15.969007 	       6.506847 	      13.214947 	 Mg 
     10.420794 	       5.253546 	      16.664005 	 Mg 
      8.167718 	       7.287278 	       3.786129 	 Mg 
     16.753534 	      15.100584 	       3.997814 	 Mg 
      6.457919 	       2.404874 	       9.890689 	 Mg 
     12.067690 	      16.149973 	      14.300105 	 Mg 
     12.004440 	       1.570973 	       9.260352 	 Mg 
      9.415603 	       7.559788 	      12.804113 	 Mg 
      2.944002 	       4.692856 	       9.774588 	 Mg 
      3.114099 	       8.336433 	      12.724118 	 Mg 
      1.036940 	       2.824667 	       5.626324 	 Mg 
      5.117802 	       5.094837 	      10.996763 	 Mg 
     14.482175 	      16.160934 	       0.757967 	 Mg 
      3.843343 	      10.425540 	      10.549569 	 Mg 
      8.091218 	       3.096342 	      12.134210 	 Mg 
      5.609152 	      17.617370 	      10.482859 	 O 
     13.340717 	      10.211329 	      11.646066 	 O 
      9.395238 	       7.076425 	      15.730512 	 O 
      7.699255 	      11.886765 	      15.032338 	 O 
      0.219619 	      15.146544 	      10.865120 	 O 
     13.906755 	       1.698792 	      13.724507 	 O 
      1.556913 	       2.820255 	       0.892019 	 O 
     13.942798 	      16.545578 	       9.904995 	 O 
      3.881283 	       7.866402 	      15.713814 	 O 
     11.182300 	      11.909622 	       9.715582 	 O 
     10.305441 	      14.813475 	      13.315919 	 O 
     10.974773 	      11.317831 	       5.912317 	 O 
      0.182848 	       4.554205 	      11.687408 	 O 
     12.802110 	      13.959222 	       3.726663 	 O 
      5.101763 	       9.339747 	       8.985343 	 O 
     10.485219 	      14.367986 	       6.358515 	 O 
      6.974175 	      15.678672 	      12.308997 	 O 
      7.126810 	      17.127960 	       7.714297 	 O 
     15.199918 	      14.015480 	       9.974297 	 O 
     12.176191 	      10.402514 	       3.588382 	 O 
