64
     20.000000 	       0.000000 	      20.000000 
      0.000000 	       0.000000 	      20.000000 
     11.369221 	      13.469248 	       7.808399 	 Mg 
      1.956051 	       8.636746 	       4.671220 	 Mg 
      3.762024 	       8.517865 	       0.749913 	 Mg 
      8.468114 	       8.003298 	      14.332223 	 Mg 
      2.593591 	       9.975574 	       2.524775 	 Mg 
     12.294330 	       3.419370 	      16.907820 	 Mg 
      1.366910 	       7.057458 	      13.507981 	 Mg 
     16.307913 	       8.929196 	       3.671650 	 Mg 
     10.405840 	       9.906568 	       9.267104 	 Mg 
     16.665279 	       2.579957 	       4.455372 	 Mg 
     15.255210 	       3.331086 	       6.426285 	 Mg 
     12.170686 	       2.159312 	       1.496931 	 Mg 
     14.457765 	       9.676309 	       8.246245 	 Mg 
     11.461145 	       0.390053 	       9.437602 	 Mg 
      9.356816 	      16.342791 	       6.125707 	 Mg 
     11.813257 	       7.629247 	       7.930366 	 Mg 
     10.698087 	       5.455336 	       5.957807 	 Mg 
      1.269300 	      15.644921 	      14.333355 	 Mg 
     12.547206 	      12.437854 	       4.321867 	 Mg 
     16.523248 	      16.399036 	       1.938490 	 Mg 
      5.047363 	       2.388882 	      13.128758 	 Mg 
      8.406605 	      11.891017 	       1.172892 	 Mg 
      5.760504 	       3.777617 	      10.495527 	 Mg 
      9.955426 	       2.788988 	       9.431657 	 Mg 
     12.091506 	      10.484599 	       7.934671 	 Mg 
      8.887305 	      10.964082 	      10.298437 	 Mg 
      3.320500 	      11.782726 	      13.176935 	 Mg 
      8.399697 	       6.797792 	       5.117351 	 Mg 
     17.061771 	      13.430843 	      17.780008 	 Mg 
     16.396168 	      10.741214 	       0.943527 	 Mg 
     14.978909 	      11.699791 	       9.127657 	 Mg 
      2.972696 	       4.134651 	       8.430781 	 Mg 
     16.648554 	       6.411268 	       5.342378 	 O 
      0.001825 	      13.729947 	       5.177876 	 O 
      2.266473 	       5.425105 	      16.034007 	 O 
      7.249943 	       0.574106 	       6.617718 	 O 
      1.423251 	       5.301811 	       3.231118 	 O 
     11.144269 	       8.085834 	       5.681337 	 O 
     12.404849 	       9.601666 	       3.494906 	 O 
     13.487782 	      15.508105 	       6.446364 	 O 
      8.278654 	      13.321304 	       5.836374 	 O 
      6.069929 	       0.868822 	      11.564924 	 O 
      5.747213 	      11.828368 	       4.515628 	 O 
      5.553928 	       9.186892 	       4.656306 	 O 
      7.023347 	      16.483975 	       9.622470 	 O 
     15.908317 	      16.950264 	       7.661838 	 O 
      8.516477 	       4.994106 	      17.638970 	 O 
      7.757114 	      11.530542 	      12.935393 	 O 
     15.979243 	      16.480078 	       9.746915 	 O 
      5.572116 	      16.869953 	      12.015625 	 O 
     15.251874 	      16.300342 	      17.208331 	 O 
      0.419076 	      17.761972 	      13.697159 	 O 
      3.572127 	       7.646136 	      15.506372 	 O 
      1.292593 	      16.149393 	       4.415195 	 O 
     13.838874 	       0.786569 	      10.314288 	 O 
      5.230795 	      13.944018 	      15.839836 	 O 
     11.621278 	      16.590892 	       6.038768 	 O 
      7.348100 	       3.094020 	       2.982949 	 O 
     10.853164 	       7.598710 	      14.373722 	 O 
      9.860923 	       7.723384 	      16.565058 	 O 
      4.504673 	       4.914427 	      16.385677 	 O 
     14.230433 	       6.280472 	      11.530544 	 O 
      7.436300 	       6.722546 	      11.849624 	 O 
      6.334221 	      13.239232 	      11.168544 	 O 
