62
     20.000000 	       0.000000 	      20.000000 
      0.000000 	       0.000000 	      20.000000 
      8.217393 	      16.833384 	      16.571142 	 Mg 
      5.337388 	      14.552637 	       7.693581 	 Mg 
     10.918405 	      12.445393 	       6.693467 	 Mg 
      7.724877 	       6.007298 	      17.652881 	 Mg 
     13.003111 	      15.490551 	      14.985999 	 Mg 
      8.086625 	       7.471466 	       5.537890 	 Mg 
      0.384591 	       9.000499 	      10.646023 	 Mg 
     16.087181 	       8.095756 	       7.196922 	 Mg 
     15.065518 	      12.573666 	       3.314895 	 Mg 
      8.200924 	       4.247935 	       5.075815 	 Mg 
      3.969260 	      15.416994 	      14.018869 	 Mg 
     14.983654 	       8.207072 	      13.405307 	 Mg 
     11.120762 	       7.765843 	       7.073348 	 Mg 
      1.772701 	      16.695127 	       3.669421 	 Mg 
     15.609821 	       3.575745 	      15.114309 	 Mg 
     16.483354 	       4.778304 	       3.771132 	 Mg 
     13.707476 	       1.055459 	      11.045298 	 Mg 
     13.355100 	       8.917716 	       1.219705 	 Mg 
     14.177323 	      17.373873 	      16.010733 	 Mg 
      0.752132 	      17.077970 	      13.292526 	 Mg 
      5.439974 	       5.897382 	       7.676372 	 Mg 
      2.497326 	      14.509372 	      17.658172 	 Mg 
     11.678015 	       3.860712 	      11.451766 	 Mg 
     14.575895 	      14.737138 	       5.606030 	 Mg 
      8.987152 	       4.283374 	       1.817677 	 Mg 
     15.232300 	       9.136387 	       5.440888 	 Mg 
      3.945051 	       0.080495 	      16.806842 	 Mg 
      1.149774 	       5.521338 	      13.583172 	 Mg 
      4.952084 	      12.849011 	      13.745874 	 Mg 
     13.157879 	       3.728010 	       2.818393 	 Mg 
      7.755505 	       3.229604 	      14.600867 	 Mg 
     17.711497 	       6.557426 	      15.812365 	 O 
     11.666828 	      12.212784 	       1.480276 	 O 
     12.211588 	      17.117457 	      12.154867 	 O 
      8.715368 	      14.529340 	       4.378409 	 O 
      4.160289 	       3.700686 	       2.987865 	 O 
     13.242481 	       8.395883 	      10.115371 	 O 
      5.386553 	       2.751912 	       4.441143 	 O 
     11.866935 	       0.531045 	      12.988399 	 O 
      0.503381 	       3.593301 	      10.853120 	 O 
      8.174160 	      12.562176 	       0.840765 	 O 
     16.485774 	      10.653921 	       9.279188 	 O 
     12.593597 	      15.218991 	       7.303625 	 O 
     11.751259 	       1.870815 	      10.469956 	 O 
      0.732442 	      14.839424 	      10.021587 	 O 
     17.252606 	      13.381267 	      16.284938 	 O 
      4.982899 	       5.870919 	      15.350659 	 O 
     14.262596 	      14.650690 	       3.318091 	 O 
      6.123770 	      12.656607 	      10.656092 	 O 
     15.472100 	      16.996346 	      11.207888 	 O 
     10.384542 	      11.112328 	       0.190465 	 O 
      2.109229 	       6.405237 	       7.984931 	 O 
     17.009940 	      15.503997 	       1.397843 	 O 
      9.622502 	      12.016045 	       4.556194 	 O 
     16.487557 	      12.661063 	       5.288917 	 O 
      8.249222 	      13.377638 	      16.542553 	 O 
      8.749174 	      17.335592 	      10.961872 	 O 
      5.033883 	       3.983476 	      10.576504 	 O 
      9.047256 	      14.956575 	       0.301259 	 O 
      2.708959 	       8.062326 	       9.188431 	 O 
      0.740901 	       7.376612 	       5.030732 	 O 
      7.989409 	       9.717870 	      16.261263 	 O 
