9429
9394
9363
9314
9264
9260
9259
9252
9236
9228
9221
9215
9211
9190
9185
9176
9151
9133
9103
9101
9090
9088
9081
9080
9023
9022
9016
8986
8984
8982
8972
8893
8880
8852
8843
8834
8785
8783
8774
8771
8762
8761
8755
8714
8702
8694
8691
8681
8669
8567
8530
8529
8512
8500
8453
8452
8399
8360
8340
8301
8289
8263
8238
8235
8198
8186
8173
8150
8124
8113
8100
8030
8002
8000
7960
7915
7857
7855
7810
7797
7764
7743
7699
7636
7631
7623
7618
7573
7543
7530
7523
7482
7461
7455
7409
7408
7346
7340
7325
7310
7295
7291
7270
7260
7255
7241
7222
7180
7176
7166
7162
7161
7130
7119
7115
7102
7086
7080
7077
6991
6984
6925
6899
6894
6863
6860
6831
6828
6753
6747
6745
6722
6715
6685
6660
6658
6632
6597
6546
6538
6526
6515
6510
6499
6478
6471
6416
6388
6382
6356
6339
6312
6308
6263
6234
6230
6217
6203
6194
6179
6107
6103
6090
6068
6058
6056
6055
6041
5997
5973
5957
5943
5934
5927
5923
5881
5790
5776
5769
5750
5734
5696
5694
5693
5669
5645
5621
5586
5581
5577
5547
5541
5530
5513
5494
5489
5474
5452
5410
5397
5396
5382
5374
5363
5348
5347
5342
5324
5308
5306
5288
5277
5257
5251
5211
5204
5188
5185
5169
5141
5095
5092
5090
5088
5081
5054
5051
5042
5020
5003
5001
4971
4928
4875
4824
4811
4795
4779
4760
4759
4754
4742
4735
4715
4713
4711
4698
4666
4661
4653
4627
4616
4611
4586
4544
4503
4483
4480
4467
4433
4417
4414
4406
4401
4399
4397
4386
4385
4383
4368
4363
4357
4347
4335
4324
4313
4305
4238
4171
4087
4071
4067
4059
4014
4006
4005
4002
3978
3972
3933
3932
3888
3856
3851
3820
3819
3814
3774
3761
3756
3748
3742
3728
3691
3675
3661
3654
3638
3618
3533
3519
3517
3481
3458
3452
3439
3422
3420
3378
3368
3333
3223
3221
3219
3216
3213
3206
3187
3183
3156
3151
3139
3134
3127
3122
3110
3073
3057
3054
3038
3034
3020
2951
2938
2915
2906
2902
2895
2876
2862
2855
2853
2831
2818
2782
2776
2747
2742
2726
2706
2680
2672
2656
2643
2614
2612
2599
2587
2573
2570
2554
2541
2539
2531
2523
2515
2512
2508
2500
2454
2437
2433
2386
2367
2331
2325
2243
2239
2217
2213
2209
2161
2123
2111
2098
2046
2029
2021
2015
2010
2006
1996
1975
1965
1956
1923
1907
1893
1862
1798
1780
1769
1733
1697
1684
1683
1665
1657
1644
1583
1571
1548
1539
1488
1468
1450
1435
1403
1383
1351
1305
1293
1237
1186
1175
1169
1161
1160
1159
1158
1118
1087
1083
1026
1015
1007
 976
 968
 949
 912
 887
 846
 823
 795
 768
 717
 712
 686
 681
 679
 619
 505
 445
 374
 358
 352
 345
 312
 283
 280
 275
 267
 266
 239
 222
 201
 194
 193
 165
 164
 129
 111
  99
  78
  54
  45
  44
  12
