conf_repeated	conf_number
     0001    	   9429   
     0001    	   9394   
     0001    	   9363   
     0001    	   9314   
     0001    	   9264   
     0001    	   9260   
     0001    	   9259   
     0001    	   9252   
     0001    	   9236   
     0001    	   9228   
     0001    	   9221   
     0001    	   9215   
     0001    	   9211   
     0001    	   9190   
     0001    	   9185   
     0001    	   9176   
     0001    	   9151   
     0001    	   9133   
     0001    	   9103   
     0001    	   9101   
     0001    	   9090   
     0001    	   9088   
     0001    	   9081   
     0001    	   9080   
     0001    	   9023   
     0001    	   9022   
     0001    	   9016   
     0001    	   8986   
     0001    	   8984   
     0001    	   8982   
     0001    	   8972   
     0001    	   8893   
     0001    	   8880   
     0001    	   8852   
     0001    	   8843   
     0001    	   8834   
     0001    	   8785   
     0001    	   8783   
     0001    	   8774   
     0001    	   8771   
     0001    	   8762   
     0001    	   8761   
     0001    	   8755   
     0001    	   8714   
     0001    	   8702   
     0001    	   8694   
     0001    	   8691   
     0001    	   8681   
     0001    	   8669   
     0001    	   8567   
     0001    	   8530   
     0001    	   8529   
     0001    	   8512   
     0001    	   8500   
     0001    	   8453   
     0001    	   8452   
     0001    	   8399   
     0001    	   8360   
     0001    	   8340   
     0001    	   8301   
     0001    	   8289   
     0001    	   8263   
     0001    	   8238   
     0001    	   8235   
     0001    	   8198   
     0001    	   8186   
     0001    	   8173   
     0001    	   8150   
     0001    	   8124   
     0001    	   8113   
     0001    	   8100   
     0001    	   8030   
     0001    	   8002   
     0001    	   8000   
     0001    	   7960   
     0001    	   7915   
     0001    	   7857   
     0001    	   7855   
     0001    	   7810   
     0001    	   7797   
     0001    	   7764   
     0001    	   7743   
     0001    	   7699   
     0001    	   7636   
     0001    	   7631   
     0001    	   7623   
     0001    	   7618   
     0001    	   7573   
     0001    	   7543   
     0001    	   7530   
     0001    	   7523   
     0001    	   7482   
     0001    	   7461   
     0001    	   7455   
     0001    	   7409   
     0001    	   7408   
     0001    	   7346   
     0001    	   7340   
     0001    	   7325   
     0001    	   7310   
     0001    	   7295   
     0001    	   7291   
     0001    	   7270   
     0001    	   7260   
     0001    	   7255   
     0001    	   7241   
     0001    	   7222   
     0001    	   7180   
     0001    	   7176   
     0001    	   7166   
     0001    	   7162   
     0001    	   7161   
     0001    	   7130   
     0001    	   7119   
     0001    	   7115   
     0001    	   7102   
     0001    	   7086   
     0001    	   7080   
     0001    	   7077   
     0001    	   6991   
     0001    	   6984   
     0001    	   6925   
     0001    	   6899   
     0001    	   6894   
     0001    	   6863   
     0001    	   6860   
     0001    	   6831   
     0001    	   6828   
     0001    	   6753   
     0001    	   6747   
     0001    	   6745   
     0001    	   6722   
     0001    	   6715   
     0001    	   6685   
     0001    	   6660   
     0001    	   6658   
     0001    	   6632   
     0001    	   6597   
     0001    	   6546   
     0001    	   6538   
     0001    	   6526   
     0001    	   6515   
     0001    	   6510   
     0001    	   6499   
     0001    	   6478   
     0001    	   6471   
     0001    	   6416   
     0001    	   6388   
     0001    	   6382   
     0001    	   6356   
     0001    	   6339   
     0001    	   6312   
     0001    	   6308   
     0001    	   6263   
     0001    	   6234   
     0001    	   6230   
     0001    	   6217   
     0001    	   6203   
     0001    	   6194   
     0001    	   6179   
     0001    	   6107   
     0001    	   6103   
     0001    	   6090   
     0001    	   6068   
     0001    	   6058   
     0001    	   6056   
     0001    	   6055   
     0001    	   6041   
     0001    	   5997   
     0001    	   5973   
     0001    	   5957   
     0001    	   5943   
     0001    	   5934   
     0001    	   5927   
     0001    	   5923   
     0001    	   5881   
     0001    	   5790   
     0001    	   5776   
     0001    	   5769   
     0001    	   5750   
     0001    	   5734   
     0001    	   5696   
     0001    	   5694   
     0001    	   5693   
     0001    	   5669   
     0001    	   5645   
     0001    	   5621   
     0001    	   5586   
     0001    	   5581   
     0001    	   5577   
     0001    	   5547   
     0001    	   5541   
     0001    	   5530   
     0001    	   5513   
     0001    	   5494   
     0001    	   5489   
     0001    	   5474   
     0001    	   5452   
     0001    	   5410   
     0001    	   5397   
     0001    	   5396   
     0001    	   5382   
     0001    	   5374   
     0001    	   5363   
     0001    	   5348   
     0001    	   5347   
     0001    	   5342   
     0001    	   5324   
     0001    	   5308   
     0001    	   5306   
     0001    	   5288   
     0001    	   5277   
     0001    	   5257   
     0001    	   5251   
     0001    	   5211   
     0001    	   5204   
     0001    	   5188   
     0001    	   5185   
     0001    	   5169   
     0001    	   5141   
     0001    	   5095   
     0001    	   5092   
     0001    	   5090   
     0001    	   5088   
     0001    	   5081   
     0001    	   5054   
     0001    	   5051   
     0001    	   5042   
     0001    	   5020   
     0001    	   5003   
     0001    	   5001   
     0001    	   4971   
     0001    	   4928   
     0001    	   4875   
     0001    	   4824   
     0001    	   4811   
     0001    	   4795   
     0001    	   4779   
     0001    	   4760   
     0001    	   4759   
     0001    	   4754   
     0001    	   4742   
     0001    	   4735   
     0001    	   4715   
     0001    	   4713   
     0001    	   4711   
     0001    	   4698   
     0001    	   4666   
     0001    	   4661   
     0001    	   4653   
     0001    	   4627   
     0001    	   4616   
     0001    	   4611   
     0001    	   4586   
     0001    	   4544   
     0001    	   4503   
     0001    	   4483   
     0001    	   4480   
     0001    	   4467   
     0001    	   4433   
     0001    	   4417   
     0001    	   4414   
     0001    	   4406   
     0001    	   4401   
     0001    	   4399   
     0001    	   4397   
     0001    	   4386   
     0001    	   4385   
     0001    	   4383   
     0001    	   4368   
     0001    	   4363   
     0001    	   4357   
     0001    	   4347   
     0001    	   4335   
     0001    	   4324   
     0001    	   4313   
     0001    	   4305   
     0001    	   4238   
     0001    	   4171   
     0001    	   4087   
     0001    	   4071   
     0001    	   4067   
     0001    	   4059   
     0001    	   4014   
     0001    	   4006   
     0001    	   4005   
     0001    	   4002   
     0001    	   3978   
     0001    	   3972   
     0001    	   3933   
     0001    	   3932   
     0001    	   3888   
     0001    	   3856   
     0001    	   3851   
     0001    	   3820   
     0001    	   3819   
     0001    	   3814   
     0001    	   3774   
     0001    	   3761   
     0001    	   3756   
     0001    	   3748   
     0001    	   3742   
     0001    	   3728   
     0001    	   3691   
     0001    	   3675   
     0001    	   3661   
     0001    	   3654   
     0001    	   3638   
     0001    	   3618   
     0001    	   3533   
     0001    	   3519   
     0001    	   3517   
     0001    	   3481   
     0001    	   3458   
     0001    	   3452   
     0001    	   3439   
     0001    	   3422   
     0001    	   3420   
     0001    	   3378   
     0001    	   3368   
     0001    	   3333   
     0001    	   3223   
     0001    	   3221   
     0001    	   3219   
     0001    	   3216   
     0001    	   3213   
     0001    	   3206   
     0001    	   3187   
     0001    	   3183   
     0001    	   3156   
     0001    	   3151   
     0001    	   3139   
     0001    	   3134   
     0001    	   3127   
     0001    	   3122   
     0001    	   3110   
     0001    	   3073   
     0001    	   3057   
     0001    	   3054   
     0001    	   3038   
     0001    	   3034   
     0001    	   3020   
     0001    	   2951   
     0001    	   2938   
     0001    	   2915   
     0001    	   2906   
     0001    	   2902   
     0001    	   2895   
     0001    	   2876   
     0001    	   2862   
     0001    	   2855   
     0001    	   2853   
     0001    	   2831   
     0001    	   2818   
     0001    	   2782   
     0001    	   2776   
     0001    	   2747   
     0001    	   2742   
     0001    	   2726   
     0001    	   2706   
     0001    	   2680   
     0001    	   2672   
     0001    	   2656   
     0001    	   2643   
     0001    	   2614   
     0001    	   2612   
     0001    	   2599   
     0001    	   2587   
     0001    	   2573   
     0001    	   2570   
     0001    	   2554   
     0001    	   2541   
     0001    	   2539   
     0001    	   2531   
     0001    	   2523   
     0001    	   2515   
     0001    	   2512   
     0001    	   2508   
     0001    	   2500   
     0001    	   2454   
     0001    	   2437   
     0001    	   2433   
     0001    	   2386   
     0001    	   2367   
     0001    	   2331   
     0001    	   2325   
     0001    	   2243   
     0001    	   2239   
     0001    	   2217   
     0001    	   2213   
     0001    	   2209   
     0001    	   2161   
     0001    	   2123   
     0001    	   2111   
     0001    	   2098   
     0001    	   2046   
     0001    	   2029   
     0001    	   2021   
     0001    	   2015   
     0001    	   2010   
     0001    	   2006   
     0001    	   1996   
     0001    	   1975   
     0001    	   1965   
     0001    	   1956   
     0001    	   1923   
     0001    	   1907   
     0001    	   1893   
     0001    	   1862   
     0001    	   1798   
     0001    	   1780   
     0001    	   1769   
     0001    	   1733   
     0001    	   1697   
     0001    	   1684   
     0001    	   1683   
     0001    	   1665   
     0001    	   1657   
     0001    	   1644   
     0001    	   1583   
     0001    	   1571   
     0001    	   1548   
     0001    	   1539   
     0001    	   1488   
     0001    	   1468   
     0001    	   1450   
     0001    	   1435   
     0001    	   1403   
     0001    	   1383   
     0001    	   1351   
     0001    	   1305   
     0001    	   1293   
     0001    	   1237   
     0001    	   1186   
     0001    	   1175   
     0001    	   1169   
     0001    	   1161   
     0001    	   1160   
     0001    	   1159   
     0001    	   1158   
     0001    	   1118   
     0001    	   1087   
     0001    	   1083   
     0001    	   1026   
     0001    	   1015   
     0001    	   1007   
     0001    	   976   
     0001    	   968   
     0001    	   949   
     0001    	   912   
     0001    	   887   
     0001    	   846   
     0001    	   823   
     0001    	   795   
     0001    	   768   
     0001    	   717   
     0001    	   712   
     0001    	   686   
     0001    	   681   
     0001    	   679   
     0001    	   619   
     0001    	   505   
     0001    	   445   
     0001    	   374   
     0001    	   358   
     0001    	   352   
     0001    	   345   
     0001    	   312   
     0001    	   283   
     0001    	   280   
     0001    	   275   
     0001    	   267   
     0001    	   266   
     0001    	   239   
     0001    	   222   
     0001    	   201   
     0001    	   194   
     0001    	   193   
     0001    	   165   
     0001    	   164   
     0001    	   129   
     0001    	   111   
     0001    	   99   
     0001    	   78   
     0001    	   54   
     0001    	   45   
     0001    	   44   
     0001    	   12   
