iloop	it	e1	e2	emax	eest	f1	f2	f	d	cos	cosp	displ	dstep	alpha	ndim	flags	extrema
0.0	0.0	-413.33917236328125	-415.7711181640625	-413.33917236328125	-413.3391722803558	0.004434866911386337	0.00540861817190139	0.005381384844182523	13.03006780141492	-0.017080360696024043	-0.10022471182707954	0.0	0.25752932699308567	0.001	0.0	0.0	-413.33917236328125
0.0	1.0	-413.33917236328125	-415.7711181640625	-413.33917236328125	-413.33917228030253	0.004434866911386337	0.005341674114875389	0.005339847448801103	13.029567801414917	-0.023599351629911607	-0.02614982297625162	0.0005000289595758974	0.3219116587413571	0.001	0.0	0.0	-413.33917236328125
0.0	2.0	-413.33917236328125	-415.73101806640625	-413.33917236328125	-413.3391722228914	0.004434866911386337	0.3959269251048804	0.31353978239148467	12.707675207576912	-0.039573272512230556	0.610633594716535	0.3219117187652226	0.40238957342669635	0.0010500000000000002	1.0	0.0	-413.33917236328125
0.0	3.0	-413.33917236328125	-415.5865478515625	-413.33917236328125	-413.3391716882861	0.004434866911386337	0.8138517503715454	0.6552471159787194	12.313984531765527	-0.035085944820889156	0.593113960631455	0.39371515151501585	0.5029869667833704	0.001	1.0	0.0	-413.33917236328125
0.0	4.0	-413.33917236328125	-415.34246826171875	-413.33917236328125	-413.2604255623548	0.004434866911386337	1.1865658749662409	0.9734761692245204	11.896606073504788	-0.030524567765388384	0.5717688391377154	0.41740622404418865	0.5948303036752395	0.0010500000000000002	1.0	0.0	-413.33917236328125
0.0	5.0	-413.33917236328125	-415.00518798828125	-413.33917236328125	-412.98694522931845	0.004434866911386337	1.5169916759079516	1.2715294128843007	11.450216196049675	-0.026400753422835602	0.5453761425739236	0.4464224923949367	0.5725108098024838	0.0011025000000000002	1.0	0.0	-413.33917236328125
0.0	6.0	-413.33917236328125	-414.5841369628906	-413.33917236328125	-412.6671237214121	0.004434866911386337	1.8086111161439085	1.5519409675848208	10.970570929831917	-0.024139453613122946	0.5135086936562181	0.47968468196127634	0.5485285464915959	0.0011576250000000002	1.0	0.0	-413.33917236328125
0.0	7.0	-413.33917236328125	-414.0914306640625	-413.33917236328125	-412.341648109565	0.004434866911386337	2.067143978457215	1.8168999369985248	10.454027368617746	-0.025695846486496886	0.4769284300455513	0.5165922367598793	0.5227013684308873	0.0012155062500000004	1.0	0.0	-413.33917236328125
0.0	8.0	-413.33917236328125	-413.5762939453125	-413.33917236328125	-412.0375210737691	0.004434866911386337	2.2817456086541394	2.0498558556885427	9.931375461531282	-0.03064102460430038	0.43923587217809157	0.5227099341694577	0.41816109474470986	0.0012762815625000006	1.0	0.0	-413.33917236328125
0.0	9.0	-413.33917236328125	-413.1674499511719	-413.33917236328125	-411.81953496384887	0.004434866911386337	2.4134945593532873	0.004433244763013587	9.513258585631478	-0.033719518242412094	0.0270445819748791	0.418176497011749	0.47566292928157394	0.001	1.0	0.0	-413.33917236328125
0.0	10.0	-413.3392333984375	-413.1674499511719	-413.33917236328125	-411.8194839698244	0.004482550587695179	2.4134945593532873	0.0044705335818007366	9.51275858563148	0.01878920206818533	0.07317441705622967	0.0005000196543050251	0.475637929281574	0.001	0.0	0.0	-413.33917236328125
0.0	11.0	-413.2989196777344	-413.1674499511719	-413.33917236328125	-411.76078583478966	0.4596116507306096	2.4134945593532873	0.42738743758637354	9.05611658915461	0.4790093212850066	0.3678423414273065	0.45666085267448603	0.45280582945773057	0.0010500000000000002	1.0	0.0	-413.33917236328125
0.0	12.0	-413.1925048828125	-413.1674499511719	-413.33917236328125	-411.70674501931654	0.8530658541128175	2.4134945593532873	0.7998693019538481	8.603331397199291	0.5133379880156675	0.3476058624092799	0.45280616605465085	0.4301665698599646	0.001	1.0	0.0	-413.33917236328125
0.0	13.0	-413.0458068847656	-413.1674499511719	-413.33917236328125	-411.6592338671406	1.1786615057251284	2.4134945593532873	2.202558749515241	8.173186636382562	0.5460716252787584	0.40885022493206885	0.4301679275212189	0.3441332558879717	0.001	1.0	0.0	-413.33917236328125
0.0	14.0	-413.0458068847656	-413.1717529296875	-413.33917236328125	-411.66259610688417	1.1786615057251284	2.39687642424601	2.184487445576227	8.172686636400721	0.5439030290963425	0.41154538676959423	0.0022586637448801456	0.2753066047103774	0.001	0.0	0.0	-413.33917236328125
0.0	15.0	-413.0458068847656	-413.2721252441406	-413.33917236328125	-411.7415856533254	1.1786615057251284	2.015552387323014	1.7633538492336878	8.169421784381768	0.4776905646471279	0.48435105480713403	0.05271311645182631	0.2202452837683019	0.0010500000000000002	1.0	0.0	-413.33917236328125
0.0	16.0	-413.0458068847656	-413.1366271972656	-413.33917236328125	-411.7310799101332	1.1786615057251284	1.7825405920350113	1.5086795916428124	7.949294935032695	0.4236609371156328	0.5326036465691144	0.225217040877745	0.17619622701464155	0.0011025000000000002	2.0	0.0	-413.33917236328125
0.0	17.0	-413.0458068847656	-413.03997802734375	-413.03997802734375	-411.73967574498914	1.1786615057251284	1.5481050323955965	1.685542614147877	7.773473895745184	0.32775411818877903	0.4297831934238015	0.18336222041873082	0.14095698161171324	0.001	2.0	1.0	-413.03997802734375
0.0	18.0	-413.0448913574219	-413.0447692871094	-413.03997802734375	-411.7429892571254	1.1823150412571701	1.5324785601907904	1.6794264150709959	7.773627579914129	0.3223542481436734	0.43299546680412915	0.0034735182412321216	0.1127655852893706	0.001	0.0	1.0	-413.03997802734375
0.0	19.0	-413.073486328125	-413.0745849609375	-413.03997802734375	-411.79646103734575	0.9949014815564399	1.4069640973249993	1.424477280336984	7.7645509952283485	0.22682272489683564	0.4682954705241508	0.04149786713194331	0.14095698161171324	0.0010500000000000002	1.0	1.0	-413.03997802734375	-413.073486328125
0.0	20.0	-413.09539794921875	-413.096435546875	-413.03997802734375	-411.8447714398363	0.8270006815221592	1.2940921660797786	1.1862332321018483	7.746267166921575	0.09596326415197504	0.5073082195983339	0.043969834385031915	0.17619622701464155	0.0011025000000000002	2.0	1.0	-413.03997802734375	-413.09539794921875
0.0	21.0	-413.1104736328125	-413.111328125	-413.03997802734375	-411.89811918853337	0.674229573976239	1.1667249897379994	0.9482999750299943	7.699577125682674	-0.12289943705284169	0.5575089072808083	0.065129271415971	0.14095698161171324	0.0011576250000000002	2.0	1.0	-413.03997802734375	-413.1104736328125
0.0	22.0	-413.09234619140625	-413.088623046875	-413.03997802734375	-411.9218814703644	0.6610463842736827	1.0637629533228008	0.8782890157388715	7.554599769734088	-0.2694447897563733	0.5937062261270364	0.11622433014538816	0.1127655852893706	0.0011460487500000002	2.0	1.0	-413.03997802734375	-413.1104736328125	-413.088623046875
0.0	23.0	-413.0701599121094	-413.064453125	-413.03997802734375	-411.9498509099516	0.6718744359451903	1.009026395274104	0.8652563128381944	7.406919526286098	-0.3778643860832415	0.6048046286312381	0.1258065741389524	0.09021246823149648	0.0011345882625000002	2.0	1.0	-413.03997802734375	-413.1104736328125	-413.064453125
0.0	24.0	-413.0470886230469	-413.0434265136719	-413.03997802734375	-411.97299766338585	0.7368445929520495	1.0217595948776534	0.9581395182627727	7.292036096104821	-0.33317355065396576	0.5747208117666542	0.10633927400394368	0.07216997458519718	0.0011232423798750002	2.0	1.0	-413.03997802734375	-413.1104736328125	-413.0434265136719
0.0	25.0	-413.02362060546875	-413.02252197265625	-413.02252197265625	-411.9743421410622	0.786353907672083	1.030965319127767	1.0170801244987993	7.201181440695944	-0.31013851221009586	0.5622062506855438	0.07545066799951439	0.09021246823149648	0.0011120099560762502	2.0	1.0	-413.03997802734375	-413.1104736328125	-413.02252197265625
0.0	26.0	-412.9931945800781	-412.99267578125	-412.99267578125	-411.9675231925822	0.823701883650786	1.0421721048344892	1.0615128068541904	7.087296023937899	-0.330765211347679	0.5541851002329703	0.09080855341487587	0.1127655852893706	0.0011676104538800628	2.0	1.0	-413.03997802734375	-413.1104736328125	-412.99267578125
0.0	27.0	-412.95294189453125	-412.95233154296875	-412.95233154296875	-411.9578499018968	0.8741660987312116	1.0717894604583897	1.133315257267369	6.9452569434255675	-0.36296906438669635	0.5355328471561951	0.11317330286494202	0.14095698161171324	0.001225990976574066	2.0	1.0	-413.03997802734375	-413.1104736328125	-412.95233154296875
0.0	28.0	-412.89874267578125	-412.89801025390625	-412.89801025390625	-411.9446427196705	0.9472145116780369	1.1284755876654586	1.2473591241315067	6.7682914632367535	-0.40497955983106143	0.5024509200722777	0.1411979934926242	0.17619622701464155	0.0012872905254027692	2.0	1.0	-413.03997802734375	-413.1104736328125	-412.89801025390625
0.0	29.0	-412.8264465332031	-412.8241882324219	-412.8241882324219	-411.92930844225947	1.0589146037340667	1.234508971839799	1.433353088211395	6.54983603389447	-0.4225857534129704	0.4478621693606067	0.17629855433528324	0.14095698161171324	0.0013516550516729077	2.0	1.0	-413.03997802734375	-413.1104736328125	-412.8241882324219
0.0	30.0	-412.763916015625	-412.7635192871094	-412.7635192871094	-411.9151713517233	1.153169776540536	1.3166345329184554	1.5808619757658315	6.376318690339733	-0.45005670700236594	0.4089042628062239	0.13946022894987947	0.1127655852893706	0.0014192378042565531	2.0	1.0	-413.03997802734375	-413.1104736328125	-412.7635192871094
0.0	31.0	-412.712890625	-412.7126159667969	-412.7126159667969	-411.90359226840064	1.2206671595494796	1.3833330948810316	1.6914483851680076	6.237802845520277	-0.47987152590233395	0.38014993223957527	0.11060305653360877	0.09021246823149648	0.0014901996944693809	2.0	1.0	-413.03997802734375	-413.1104736328125	-412.7126159667969
0.0	32.0	-412.6714782714844	-412.6722412109375	-412.6714782714844	-411.8935844664777	1.2614076605751183	1.4240820079408765	1.7588900074352043	6.126665935262884	-0.5337440490843299	0.36232147894403505	0.08707279283669142	0.07216997458519718	0.00156470967919285	2.0	1.0	-413.03997802734375	-413.1104736328125	-412.6714782714844
0.0	33.0	-412.6734619140625	-412.67462158203125	-412.6714782714844	-411.89280938950867	1.1133888345966785	1.27176500076725	1.522585956229516	6.032599146698488	-0.6586708041349616	0.4145533129405944	0.07807866103135588	0.057735979668157744	0.0016429451631524926	3.0	1.0	-413.03997802734375	-413.1104736328125	-412.6714782714844
0.0	34.0	-412.68212890625	-412.6825866699219	-412.6714782714844	-411.89671354553093	0.9963981437831845	1.1383092975611822	1.3198577818210822	5.959515434411379	-0.6871426076791592	0.47026782947962764	0.07217855376678245	0.0461887837345262	0.0016265157115209676	3.0	1.0	-413.03997802734375	-413.1104736328125	-412.6714782714844
0.0	35.0	-412.69091796875	-412.6912841796875	-412.6714782714844	-411.9006986203338	0.924400598109072	1.023952271968541	1.1622637853625475	5.900939610994091	-0.6647279852014504	0.5251294755232991	0.06717651032951812	0.03695102698762096	0.001610250554405758	3.0	1.0	-413.03997802734375	-413.1104736328125	-412.6714782714844	-412.69091796875
0.0	36.0	-412.69720458984375	-412.6978759765625	-412.6714782714844	-411.90437402562674	0.9138553369047322	0.9485543273357425	1.0797983774942872	5.854159301110853	-0.5867771508992741	0.5631098516494737	0.06309176628955192	0.02956082159009677	0.0015941480488617004	3.0	1.0	-413.03997802734375	-413.1104736328125	-412.6714782714844	-412.69720458984375
0.0	37.0	-412.7001037597656	-412.7008056640625	-412.6714782714844	-411.907669769768	0.9616278629033891	0.9252456525177988	1.08536612686973	5.816734654940329	-0.4851421711335275	0.5712367357270202	0.06024478581902617	0.029083673274701644	0.0015782065683730834	3.0	1.0	-413.03997802734375	-413.1104736328125	-412.6714782714844	-412.7001037597656
0.0	38.0	-412.6968078613281	-412.69732666015625	-412.6714782714844	-411.91014448275473	1.0402435759196182	0.9557534924471084	1.1689826463043536	5.77998340830477	-0.4156630677752706	0.5478607639009482	0.05818617719678988	0.02889991704152385	0.0015624245026893526	3.0	1.0	-413.03997802734375	-413.1104736328125	-412.6714782714844	-412.7001037597656
0.0	39.0	-412.68890380859375	-412.6890563964844	-412.6714782714844	-411.91113362702464	1.0747426229004386	0.9876052699008964	1.2281676344192034	5.743597562236318	-0.4119112860608921	0.5270966505819719	0.03948314357792821	0.02871798781118159	0.001546800257662459	3.0	1.0	-413.03997802734375	-413.1104736328125	-412.6714782714844	-412.7001037597656
0.0	40.0	-412.7013854980469	-412.7008972167969	-412.6714782714844	-411.9160764682302	0.9313092678340109	0.9114839910039879	1.0449643562538582	5.707534170604082	-0.5762112853431349	0.5849945834646699	0.05198279863709681	0.02853767085302041	0.0016241402705455819	4.0	1.0	-413.03997802734375	-413.1104736328125	-412.6714782714844	-412.7008972167969
0.0	41.0	-412.7087707519531	-412.70831298828125	-412.6714782714844	-411.91957425137724	0.8172935482304734	0.8826737222128943	0.9250320639977716	5.6719011925149685	-0.7057621503642405	0.6208439057760108	0.05087101863928877	0.028359505962574843	0.0016078988678401261	4.0	1.0	-413.03997802734375	-413.1104736328125	-412.6714782714844	-412.70831298828125
0.0	42.0	-412.7130126953125	-412.71258544921875	-412.6714782714844	-411.92154252276606	0.7263450624577079	0.8933548410019845	0.8523356072352756	5.636548473831722	-0.7669364673566222	0.636345418132225	0.05093194676552166	0.02818274236915861	0.001591819879161725	4.0	1.0	-413.03997802734375	-413.1104736328125	-412.6714782714844	-412.71258544921875
0.0	43.0	-412.7145690917969	-412.71405029296875	-412.6714782714844	-411.9220799696405	0.6614152107607479	0.938948514587727	0.8188389501128328	5.6015051037046275	-0.733883744621355	0.6348110942454033	0.05129156342291205	0.02800752551852314	0.0015759016803701077	4.0	1.0	-413.03997802734375	-413.1104736328125	-412.6714782714844	-412.71405029296875
0.0	44.0	-412.71331787109375	-412.7125549316406	-412.6714782714844	-411.92123725933993	0.6285255610231888	1.009897773629472	0.8230985127918687	5.566453351122613	-0.6363941001779319	0.6195119764109736	0.05178074085668245	0.027832266755613067	0.0015601426635664065	4.0	1.0	-413.03997802734375	-413.1104736328125	-412.6714782714844	-412.71405029296875
0.0	45.0	-412.7099609375	-412.70904541015625	-412.6714782714844	-411.9191682373578	0.610824815151479	1.0959457758545166	0.8413485905148164	5.531407720367768	-0.5339907059092834	0.6000893746449811	0.054088059798335635	0.02765703860183884	0.0015445412369307424	4.0	1.0	-413.03997802734375	-413.1104736328125	-412.6714782714844	-412.71405029296875
0.0	46.0	-412.7041931152344	-412.70404052734375	-412.6714782714844	-411.91515603385506	0.593706851197259	1.1460223621381493	0.8334328331304249	5.4971797701168645	-0.5365968860795746	0.5984762023926302	0.04620240231940966	0.03457129825229855	0.0015290958245614348	4.0	1.0	-413.03997802734375	-413.1104736328125	-412.6714782714844	-412.71405029296875
0.0	47.0	-412.6958312988281	-412.6958312988281	-412.6714782714844	-411.91441462013694	0.5916079681040177	1.1902693449184276	0.8474604270459726	5.454431743172563	-0.4836444410853748	0.5873213780833267	0.04453307843545745	0.043214122815373186	0.0016055506157895067	4.0	1.0	-413.03997802734375	-413.1104736328125	-412.6714782714844	-412.71405029296875	-412.6958312988281
0.0	48.0	-412.68505859375	-412.6851806640625	-412.6714782714844	-411.913774272067	0.5846236060989983	1.194547062138609	0.8380330629440383	5.400950761338793	-0.4619256321752985	0.5900888527468593	0.04403729370812339	0.05401765351921648	0.0016858281465789821	4.0	1.0	-413.03997802734375	-413.1104736328125	-412.6714782714844	-412.71405029296875	-412.68505859375
0.0	49.0	-412.67242431640625	-412.6723937988281	-412.6714782714844	-411.91355835963185	0.573559985649761	1.1746831608720432	0.8131001767828356	5.3347059883910894	-0.4195326651119931	0.6018883386833375	0.053105471053806266	0.0675220668990206	0.0017701195539079314	4.0	1.0	-413.03997802734375	-413.1104736328125	-412.6714782714844	-412.71405029296875	-412.6723937988281
0.0	50.0	-412.6566467285156	-412.6566467285156	-412.6566467285156	-411.91370203551935	0.5574479075311835	1.158462321970179	0.782367170860559	5.252507110497349	-0.434333495616156	0.6143480774561855	0.06766305698081702	0.08440258362377576	0.001858625531603328	4.0	1.0	-413.03997802734375	-413.1104736328125	-412.6714782714844	-412.71405029296875	-412.6566467285156
0.0	51.0	-412.63671875	-412.63671875	-412.63671875	-411.91433309641036	0.5398776628420038	1.134868605892572	0.7471962303498039	5.14954886576864	-0.433130050210499	0.6292094790458336	0.08481390649560043	0.10550322952971969	0.0019515568081834944	4.0	1.0	-413.03997802734375	-413.1104736328125	-412.6714782714844	-412.71405029296875	-412.63671875
0.0	52.0	-412.62420654296875	-412.6241760253906	-412.6241760253906	-411.9179427276469	0.514422766308429	1.0111751882786075	0.6561278390097011	5.060942792437686	-0.5204072045070647	0.681873985282452	0.07373097621242422	0.08440258362377576	0.0020491346485926694	5.0	1.0	-413.03997802734375	-413.1104736328125	-412.6714782714844	-412.71405029296875	-412.6241760253906
0.0	53.0	-412.60821533203125	-412.6087951660156	-412.60821533203125	-411.92219647464015	0.4943059296803095	0.9528384683835066	0.5987586123590709	4.95676941009886	-0.5166599164113932	0.7120746266414739	0.09602210473333465	0.06752206689902061	0.0020286433021067425	5.0	1.0	-413.03997802734375	-413.1104736328125	-412.6714782714844	-412.71405029296875	-412.60821533203125
0.0	54.0	-412.59625244140625	-412.5967102050781	-412.59625244140625	-411.92666423444075	0.4890605450502198	0.8988524448501715	0.5655807059892756	4.873615165116486	-0.5039962807574637	0.7316671248465278	0.08154354926128665	0.054017653519216495	0.002008356869085675	5.0	1.0	-413.03997802734375	-413.1104736328125	-412.6714782714844	-412.71405029296875	-412.59625244140625
0.0	55.0	-412.5867004394531	-412.5869140625	-412.5867004394531	-411.93114288078124	0.5026256765041814	0.860442841062544	0.5692369632328111	4.807223707111039	-0.47741121810479564	0.7329299959182869	0.07048375732830366	0.0432141228153732	0.0019882733003948184	5.0	1.0	-413.03997802734375	-413.1104736328125	-412.6714782714844	-412.71405029296875	-412.5867004394531
0.0	56.0	-412.5783386230469	-412.5783996582031	-412.5783386230469	-411.9354206427553	0.5363418127687996	0.8538423224184459	0.6212813243173884	4.7541120913342825	-0.42812574478063986	0.7090186966307211	0.0621819590373395	0.034571298252298564	0.0019683905673908704	5.0	1.0	-413.03997802734375	-413.1104736328125	-412.6714782714844	-412.71405029296875	-412.5783386230469
0.0	57.0	-412.5702209472656	-412.57037353515625	-412.5702209472656	-411.9384122913381	0.5714213093562097	0.8717145828911625	0.6875499988070133	4.711540899371394	-0.3956221122591144	0.676642498272813	0.049767788935117095	0.04321412281537321	0.0019487066617169617	5.0	1.0	-413.03997802734375	-413.1104736328125	-412.6714782714844	-412.71405029296875	-412.5702209472656
0.0	58.0	-412.5588684082031	-412.5591125488281	-412.5588684082031	-411.9390575793101	0.5918941224565117	0.860641943506121	0.7097636347178476	4.658183907464119	-0.3957704484736599	0.6687606506048918	0.047333236366592035	0.05401765351921651	0.00204614199480281	5.0	1.0	-413.03997802734375	-413.1104736328125	-412.6714782714844	-412.71405029296875	-412.5588684082031
0.0	59.0	-412.54534912109375	-412.5458068847656	-412.54534912109375	-411.93923124870025	0.6113281032026923	0.8248149994336187	0.7076560622542971	4.591438536264416	-0.3639735697362348	0.67645530942878	0.0638319263592074	0.06752206689902064	0.0021484490945429505	5.0	1.0	-413.03997802734375	-413.1104736328125	-412.6714782714844	-412.71405029296875	-412.54534912109375
0.0	60.0	-412.52703857421875	-412.52716064453125	-412.52703857421875	-411.9381001938142	0.6159033420343163	0.8094686733035515	0.7054899891335926	4.507889356990282	-0.32955111549757693	0.6779435116021069	0.0681265052491945	0.0844025836237758	0.002255871549270098	5.0	1.0	-413.03997802734375	-413.1104736328125	-412.6714782714844	-412.71405029296875	-412.52703857421875
0.0	61.0	-412.50384521484375	-412.50372314453125	-412.50372314453125	-411.9365500583246	0.6102151147269997	0.8035749798509298	0.7026254639650125	4.403791850976083	-0.2892691901846226	0.6755287464816843	0.0847010935920328	0.10550322952971974	0.002368665126733603	5.0	1.0	-413.03997802734375	-413.1104736328125	-412.6714782714844	-412.71405029296875	-412.50372314453125
0.0	62.0	-412.4832763671875	-412.4837951660156	-412.4832763671875	-411.9446366670897	0.5229208397704896	0.7354182559203328	0.5515884665898309	4.276002469747176	-0.4470661512820238	0.7434532076048264	0.11537433725300278	0.0844025836237758	0.0024870983830702835	6.0	1.0	-413.03997802734375	-413.1104736328125	-412.6714782714844	-412.71405029296875	-412.4832763671875
0.0	63.0	-412.46466064453125	-412.4661865234375	-412.46466064453125	-411.94966061300784	0.4606453624223987	0.7133407947067766	0.4584869285654443	4.172500204482893	-0.5521537054817951	0.7846988207866302	0.0978309552675297	0.06752206689902064	0.0024622273992395806	6.0	1.0	-413.03997802734375	-413.1104736328125	-412.6714782714844	-412.71405029296875	-412.46466064453125
0.0	64.0	-412.4490661621094	-412.44952392578125	-412.4490661621094	-411.9537100841065	0.46064821656289084	0.7004240437684122	0.4624192515382794	4.08985744323047	-0.5829435226271764	0.77986560694661	0.08090455038271813	0.054017653519216516	0.002437605125247185	6.0	1.0	-413.03997802734375	-413.1104736328125	-412.6714782714844	-412.71405029296875	-412.4490661621094
0.0	65.0	-412.4350891113281	-412.4352722167969	-412.4350891113281	-411.95592357506797	0.47922483319543624	0.7028106186291762	0.504125494427782	4.024321747069825	-0.5464660232525217	0.7541248957357191	0.06458756044337491	0.06752206689902064	0.002413229073994713	6.0	1.0	-413.03997802734375	-413.1104736328125	-412.6714782714844	-412.71405029296875	-412.4350891113281
0.0	66.0	-412.41650390625	-412.41650390625	-412.41650390625	-411.95552119333956	0.48114072477543407	0.7096003649358872	0.5245941026431992	3.9428420192757225	-0.5232297329436721	0.7373414496778025	0.07006531110257457	0.0844025836237758	0.0025338905276944485	6.0	1.0	-413.03997802734375	-413.1104736328125	-412.6714782714844	-412.71405029296875	-412.41650390625
0.0	67.0	-412.3931884765625	-412.3931579589844	-412.3931579589844	-411.95409281736437	0.4727786364780622	0.7183152111734705	0.5332207954850359	3.841440457667963	-0.5100146146188701	0.7243948449622868	0.08479525193436988	0.10550322952971974	0.002660585054079171	6.0	1.0	-413.03997802734375	-413.1104736328125	-412.6714782714844	-412.71405029296875	-412.3931579589844
0.0	68.0	-412.3640441894531	-412.3638000488281	-412.3638000488281	-411.9519693792317	0.46172116683576647	0.7342026002019035	0.544694495706945	3.7153425778644524	-0.49368312836258627	0.7060857279154793	0.10530342231546677	0.1318790369121497	0.0027936143067831295	5.0	1.0	-413.03997802734375	-413.1104736328125	-412.6714782714844	-412.71405029296875	-412.3638000488281
0.0	69.0	-412.328125	-412.3283386230469	-412.328125	-411.9504885792488	0.4200007244209987	0.7460968748972238	0.5081930194098556	3.559312139497287	-0.4379986914615339	0.7100445403969743	0.13447303106899014	0.1648487961401871	0.002933295022122286	5.0	1.0	-413.03997802734375	-413.1104736328125	-412.6714782714844	-412.71405029296875	-412.328125
0.0	70.0	-412.28363037109375	-412.28271484375	-412.28271484375	-411.94772324528907	0.4008142697238595	0.7783067188526376	0.5175781413163504	3.3656391495119857	-0.385762183671459	0.6805132074309417	0.16484077168968145	0.1682819574755993	0.0030799597732284003	5.0	1.0	-413.03997802734375	-413.1104736328125	-412.6714782714844	-412.71405029296875	-412.28271484375
0.0	71.0	-412.2385559082031	-412.2377014160156	-412.2377014160156	-411.9454821184523	0.41620643774462973	0.8210424461120978	0.5863087691583949	3.170248203547091	-0.30347185606429106	0.6092422685311517	0.16732799859266656	0.15851241017735457	0.0032339577618898203	5.0	1.0	-413.03997802734375	-413.1104736328125	-412.6714782714844	-412.71405029296875	-412.2377014160156
0.0	72.0	-412.1968078613281	-412.19598388671875	-412.19598388671875	-411.9430994477435	0.45730351039512923	0.8660589351995649	0.689432440516762	2.9883053239188935	-0.2378425267205683	0.5203461064600003	0.15654342832813017	0.12680992814188366	0.0033956556499843116	5.0	1.0	-413.03997802734375	-413.1104736328125	-412.6714782714844	-412.71405029296875	-412.19598388671875
0.0	73.0	-412.1643371582031	-412.1640319824219	-412.1640319824219	-411.9418885975158	0.516692488885758	0.904630050865967	0.8053253568313541	2.8431398766883778	-0.22517316621051645	0.43957821835375105	0.1237798642840682	0.10144794251350693	0.0035654384324835275	5.0	1.0	-413.03997802734375	-413.1104736328125	-412.6714782714844	-412.71405029296875	-412.1640319824219
0.0	74.0	-412.14556884765625	-412.14910888671875	-412.14556884765625	-411.9519577072739	0.538990661919042	0.8861325262987867	0.843241138263318	2.719198686206557	-0.333896684839119	0.4011052864236468	0.10503286198111746	0.08115835401080555	0.003743710354107704	5.0	1.0	-413.03997802734375	-413.1104736328125	-412.6714782714844	-412.71405029296875	-412.14556884765625
0.0	75.0	-412.1297302246094	-412.1297302246094	-412.1297302246094	-411.9582897385036	0.5522458112575371	0.9182540995278374	0.883682960565326	2.6230141448388125	-0.4546910555672974	0.3576610868194517	0.08368963863487272	0.06492668320864445	0.003706273250566627	5.0	1.0	-413.03997802734375	-413.1104736328125	-412.6714782714844	-412.71405029296875	-412.1297302246094
0.0	76.0	-412.1164245605469	-412.1163024902344	-412.1163024902344	-411.96144196448773	0.5673400808181958	0.9502747460328089	0.9212181906465026	2.5466939632459376	-0.44327864081397744	0.325065131924382	0.06567734563493392	0.05194134656691556	0.0038915869130949584	5.0	1.0	-413.03997802734375	-413.1104736328125	-412.6714782714844	-412.71405029296875	-412.1163024902344
0.0	77.0	-412.107421875	-412.1087951660156	-412.107421875	-411.96384450011516	0.5749782252045	0.9620177276923877	0.9388665770681642	2.485896233541444	-0.45601110972623293	0.3084655469162022	0.05402250503497129	0.04155307725353245	0.004086166258749706	5.0	1.0	-413.03997802734375	-413.1104736328125	-412.6714782714844	-412.71405029296875	-412.107421875
0.0	78.0	-412.1009216308594	-412.1013488769531	-412.1009216308594	-411.9643061058645	0.5547943151574415	0.9732617672240229	0.9178171482203747	2.437150512535552	-0.4646376680331374	0.30549773018869614	0.04250488174885343	0.033242461802825966	0.004290474571687191	5.0	1.0	-413.03997802734375	-413.1104736328125	-412.6714782714844	-412.71405029296875	-412.1009216308594
0.0	79.0	-412.1041259765625	-412.10498046875	-412.1009216308594	-411.96835577440316	0.41686048179961227	0.9372736993557836	0.7037145211583129	2.3950826761312483	-0.47174095417563705	0.3825783605704455	0.04559838993634682	0.026593969442260775	0.004504998300271551	6.0	1.0	-413.03997802734375	-413.1104736328125	-412.6714782714844	-412.71405029296875	-412.1009216308594
0.0	80.0	-412.10498046875	-412.10565185546875	-412.1009216308594	-411.9708964214696	0.3486803685523407	0.9216833768078512	0.5851658664858503	2.361721349300749	-0.4223806382936255	0.4412843137543791	0.03960939266826983	0.02127517555380862	0.004459948317268835	6.0	1.0	-413.03997802734375	-413.1104736328125	-412.6714782714844	-412.71405029296875	-412.1009216308594
0.0	81.0	-412.1051330566406	-412.10546875	-412.1009216308594	-411.97260234274137	0.33057827109798277	0.9174133167567698	0.5524710942442517	2.335044788930691	-0.2948545457308159	0.45895832410239734	0.03671986516911924	0.017020140443046897	0.004415348834096147	6.0	1.0	-413.03997802734375	-413.1104736328125	-412.6714782714844	-412.71405029296875	-412.1009216308594
0.0	82.0	-412.1048583984375	-412.1044006347656	-412.1009216308594	-411.97355313742	0.3399448623195468	0.9287715602999038	0.5719140595278512	2.3136374055620883	-0.1761204929636288	0.444049657580411	0.0355700266668077	0.013616112354437519	0.004371195345755185	6.0	1.0	-413.03997802734375	-413.1104736328125	-412.6714782714844	-412.71405029296875	-412.1009216308594
0.0	83.0	-412.1047058105469	-412.10406494140625	-412.1009216308594	-411.9749791077241	0.34474033117095576	0.9448196090650753	0.5836655385741742	2.2963476806658307	-0.13961524278857845	0.43308479392385557	0.035515159715228624	0.011481738403329153	0.004327483392297634	6.0	1.0	-413.03997802734375	-413.1104736328125	-412.6714782714844	-412.71405029296875	-412.1009216308594
0.0	84.0	-412.1047058105469	-412.10382080078125	-412.1009216308594	-411.97638563182755	0.3401830376861059	0.963257113264838	0.5787006214956528	2.281639237096708	-0.1233998822513972	0.4311132164909631	0.03727486189908417	0.011408196185483539	0.0042842085583746576	6.0	1.0	-413.03997802734375	-413.1104736328125	-412.6714782714844	-412.71405029296875	-412.1009216308594
0.0	85.0	-412.109619140625	-412.11065673828125	-412.1009216308594	-411.98192418007	0.28065017093552225	0.8980840631307486	0.4589569046149585	2.267461083269026	-0.1894672501100191	0.5151160556303123	0.03171077636986224	0.01133730541634513	0.004241366472790911	7.0	1.0	-413.03997802734375	-413.1104736328125	-412.6714782714844	-412.71405029296875	-412.1009216308594
0.0	86.0	-412.114990234375	-412.1148376464844	-412.1009216308594	-411.986800147369	0.24910457373530834	0.877011863291644	0.39025767899271085	2.252205758182004	-0.2785642009635207	0.5795793964018747	0.0430590156058972	0.011261028790910019	0.0041989528080630025	7.0	1.0	-413.03997802734375	-413.1104736328125	-412.6714782714844	-412.71405029296875	-412.1009216308594
0.0	87.0	-412.11907958984375	-412.1189270019531	-412.1009216308594	-411.9916445812485	0.2709175903300145	0.8501471512068327	0.43273413260765053	2.2376830054472068	-0.23503349231265086	0.5445518087669771	0.045951667747646446	0.011188415027236035	0.004156963279982373	6.0	1.0	-413.03997802734375	-413.1104736328125	-412.6714782714844	-412.71405029296875	-412.1009216308594	-412.1189270019531
0.0	88.0	-412.1226806640625	-412.12176513671875	-412.1009216308594	-411.99627921433904	0.3161749733074495	0.8194283881386085	0.5160856105041534	2.222691695641556	-0.18960964957931917	0.48387356921948227	0.05027235305334883	0.01111345847820778	0.004115393647182549	6.0	1.0	-413.03997802734375	-413.1104736328125	-412.6714782714844	-412.71405029296875	-412.1009216308594	-412.12176513671875
0.0	89.0	-412.125244140625	-412.1246032714844	-412.1009216308594	-412.00085076760774	0.3622654657519114	0.7785589096235774	0.5897749946712931	2.2080690143468225	-0.17940358288681177	0.4398316601191127	0.04844500414015273	0.011040345071734112	0.004074239710710723	6.0	1.0	-413.03997802734375	-413.1104736328125	-412.6714782714844	-412.71405029296875	-412.1009216308594	-412.1246032714844
0.0	90.0	-412.126953125	-412.1263427734375	-412.1009216308594	-412.00470097991047	0.39683426740486666	0.735436108174576	0.6347810185575501	2.1931733492152037	-0.18515143114559954	0.4167193608705146	0.04520073346780745	0.010965866746076018	0.004033497313603616	6.0	1.0	-413.03997802734375	-413.1104736328125	-412.6714782714844	-412.71405029296875	-412.1009216308594	-412.1263427734375
0.0	91.0	-412.1285400390625	-412.1278076171875	-412.1009216308594	-412.0083534982977	0.41490012319233627	0.6842290452711546	0.6464144163787684	2.178591632270495	-0.22907544749468273	0.4118767825028538	0.04389387952564273	0.010892958161352476	0.003993162340467579	6.0	1.0	-413.03997802734375	-413.1104736328125	-412.6714782714844	-412.71405029296875	-412.1009216308594	-412.1278076171875
0.0	92.0	-412.1336669921875	-412.13433837890625	-412.1009216308594	-412.0138803319222	0.25790928526556195	0.5829636904324517	0.37282993910237183	2.16423831747383	-0.3772427937151498	0.6116318836379804	0.0391661242492913	0.01082119158736915	0.003953230717062903	7.0	1.0	-413.03997802734375	-413.1104736328125	-412.6714782714844	-412.71405029296875	-412.1009216308594	-412.1336669921875
0.0	93.0	-412.1372375488281	-412.1352233886719	-412.1009216308594	-412.017828810953	0.24837775482093016	0.5530331444794406	0.34837208484119464	2.151569177349007	-0.4590524916425858	0.6386568740629174	0.05231672752510802	0.010757845886745035	0.003913698409892274	7.0	1.0	-413.03997802734375	-413.1104736328125	-412.6714782714844	-412.71405029296875	-412.1009216308594	-412.1352233886719
0.0	94.0	-412.1383056640625	-412.13714599609375	-412.1009216308594	-412.0211535708418	0.2681564404371801	0.5332292932440451	0.3825597039348085	2.1426246321764104	-0.5180522166187186	0.6012444620553792	0.04308099775179259	0.013447307358431294	0.003874561425793351	7.0	1.0	-413.03997802734375	-413.1104736328125	-412.6714782714844	-412.71405029296875	-412.1009216308594	-412.13714599609375
0.0	95.0	-412.13690185546875	-412.1368713378906	-412.1009216308594	-412.0222639592307	0.2883803831207803	0.5331425782695614	0.4179804375915239	2.1254744722915415	-0.45301197230907164	0.5659370201690732	0.020012089351029574	0.016809134198039116	0.004068289497083019	7.0	1.0	-413.03997802734375	-413.1104736328125	-412.6714782714844	-412.71405029296875	-412.1009216308594	-412.13714599609375
0.0	96.0	-412.1363830566406	-412.1352233886719	-412.1009216308594	-412.0244392181497	0.30336147320837065	0.5632428795624014	0.4534559901040268	2.107004975380129	-0.4318873619274411	0.5280066781243816	0.044783931859668925	0.013447307358431294	0.0042717039719371705	6.0	1.0	-413.03997802734375	-413.1104736328125	-412.6714782714844	-412.71405029296875	-412.1009216308594	-412.13714599609375
0.0	97.0	-412.135986328125	-412.13641357421875	-412.1009216308594	-412.02552192818274	0.31360349130063836	0.5143076542208868	0.453103330631327	2.0904831829972554	-0.4487361496320259	0.5323303332859405	0.021502568817795407	0.010757845886745035	0.0044852891705340295	6.0	1.0	-413.03997802734375	-413.1104736328125	-412.6714782714844	-412.71405029296875	-412.1009216308594	-412.13714599609375
0.0	98.0	-412.1358947753906	-412.1358337402344	-412.1009216308594	-412.0267750010914	0.3291134656064365	0.4965552956855874	0.468528908047489	2.076552030940525	-0.4441542678501697	0.5197263814631132	0.02987391270193762	0.010382760154702627	0.0047095536290607315	6.0	1.0	-413.03997802734375	-413.1104736328125	-412.6714782714844	-412.71405029296875	-412.1009216308594	-412.13714599609375
0.0	99.0	-412.13885498046875	-412.1396179199219	-412.1009216308594	-412.0291267388557	0.2470065787731865	0.3994838072451259	0.30447176800944115	2.0632627001458954	-0.44963776322088495	0.6879687138311018	0.036657827217132836	0.010316313500729478	0.004945031310513768	7.0	1.0	-413.03997802734375	-413.1104736328125	-412.6714782714844	-412.71405029296875	-412.1009216308594	-412.13885498046875
0.0	100.0	-412.1401062011719	-412.1398010253906	-412.1009216308594	-412.0309363655436	0.2576977052602894	0.38803242352899175	0.3150406175194696	2.0498007499683935	-0.4210129311505753	0.6785344813287311	0.03634044722012376	0.012895391875911847	0.004895580997408631	7.0	1.0	-413.03997802734375	-413.1104736328125	-412.6714782714844	-412.71405029296875	-412.1009216308594	-412.1398010253906
0.0	101.0	-412.14019775390625	-412.1387939453125	-412.1009216308594	-412.0329048311767	0.28446084569001534	0.399284221837916	0.36145192440086266	2.0340634511327425	-0.34274532912633954	0.6252025652168016	0.04773945888923799	0.01031631350072948	0.005140360047279063	7.0	1.0	-413.03997802734375	-413.1104736328125	-412.6714782714844	-412.71405029296875	-412.1009216308594	-412.1398010253906
0.0	102.0	-412.1390686035156	-412.1390075683594	-412.1009216308594	-412.0330421620611	0.310469638845316	0.4031194404897224	0.3960426470632473	2.022258731773651	-0.2538141097063906	0.5928396114030573	0.019745158448073015	0.012895391875911849	0.005088956446806272	7.0	1.0	-413.03997802734375	-413.1104736328125	-412.6714782714844	-412.71405029296875	-412.1009216308594	-412.1398010253906
0.0	103.0	-412.14093017578125	-412.1445617675781	-412.1009216308594	-412.0372808566996	0.2754063735781172	0.3366615385361513	0.25132595106785455	2.0060673206828574	-0.5247208540339261	0.665358379011357	0.04734642963449132	0.01031631350072948	0.001	8.0	0.0	-413.03997802734375	-413.1104736328125	-412.6714782714844	-412.71405029296875	-412.1009216308594	-412.1398010253906
0.0	104.0	-412.14093017578125	-412.14447021484375	-412.1009216308594	-412.03727687223204	0.2754063735781172	0.33615793173098996	0.25071188086002855	2.005567320686783	-0.5248129493870005	0.6661522822247596	0.0005596253008496381	0.012895391875911849	0.001	0.0	0.0	-413.03997802734375	-413.1104736328125	-412.6714782714844	-412.71405029296875	-412.1009216308594	-412.1398010253906
0.0	105.0	-412.14093017578125	-412.1434326171875	-412.1009216308594	-412.0377952865907	0.2754063735781172	0.32479729661949963	0.23697372827001292	1.994049689664452	-0.526572369427646	0.6838688170518362	0.013046521624564506	0.01611923984488981	0.0010500000000000002	1.0	0.0	-413.03997802734375	-413.1104736328125	-412.6714782714844	-412.71405029296875	-412.1009216308594	-412.1398010253906
0.0	106.0	-412.14093017578125	-412.14178466796875	-412.1009216308594	-412.03843929065164	0.2754063735781172	0.3115532963157189	0.221138715084584	1.9779655541069658	-0.5251396940534768	0.7044091342521015	0.01816304095866719	0.020149049806112262	0.0011025000000000002	2.0	0.0	-413.03997802734375	-413.1104736328125	-412.6714782714844	-412.71405029296875	-412.1009216308594	-412.1398010253906
0.0	107.0	-412.14093017578125	-412.1408386230469	-412.1009216308594	-412.03872579851145	0.2754063735781172	0.3056478467791887	0.2868451567609108	1.969586294534459	-0.5227039094547153	0.712685687074728	0.009539809936645029	0.025186312257640328	0.001	1.0	1.0	-413.03997802734375	-413.1104736328125	-412.6714782714844	-412.71405029296875	-412.1009216308594	-412.1408386230469
0.0	108.0	-412.1408386230469	-412.1407775878906	-412.1009216308594	-412.0387053532023	0.27425483535090606	0.3052607049650861	0.2852658407079494	1.9688912966027476	-0.5255898694574127	0.7144910173788369	0.0006179109501518853	0.031482890322050414	0.001	0.0	1.0	-413.03997802734375	-413.1104736328125	-412.6714782714844	-412.71405029296875	-412.1009216308594	-412.1408386230469
0.0	109.0	-412.13812255859375	-412.13922119140625	-412.1009216308594	-412.0397766318351	0.2009209178802516	0.29107908749604	0.16785692629807122	1.930331524659063	-0.7422140828504191	0.8609313601127387	0.0316823691240332	0.03935361290256302	0.0010500000000000002	1.0	1.0	-413.03997802734375	-413.1104736328125	-412.6714782714844	-412.71405029296875	-412.1009216308594	-412.1408386230469
0.0	110.0	-412.1329650878906	-412.134521484375	-412.1009216308594	-412.0396698263355	0.30726607703654263	0.28021861479914456	0.30125278967574204	1.8811720039156672	-0.466715246057296	0.6857897894200556	0.03954994652929771	0.04919201612820377	0.0011025000000000002	1.0	1.0	-413.03997802734375	-413.1104736328125	-412.6714782714844	-412.71405029296875	-412.1009216308594	-412.1408386230469
0.0	111.0	-412.12640380859375	-412.12725830078125	-412.1009216308594	-412.039119725659	0.4377219416731642	0.27752304191410454	0.3777928533507609	1.818425263397218	-0.27028752928734684	0.5918839858773814	0.04930865224644215	0.03935361290256302	0.0011576250000000002	1.0	1.0	-413.03997802734375	-413.1104736328125	-412.6714782714844	-412.71405029296875	-412.1009216308594	-412.1408386230469
0.0	112.0	-412.12109375	-412.12139892578125	-412.1009216308594	-412.0385542142433	0.520049762054672	0.2862024250315826	0.4227487095089014	1.768152602967242	-0.1677583196250609	0.537834415363385	0.039326932864268485	0.03148289032205042	0.0012155062500000004	1.0	1.0	-413.03997802734375	-413.1104736328125	-412.6714782714844	-412.71405029296875	-412.1009216308594	-412.1408386230469	-412.12109375
0.0	113.0	-412.1166076660156	-412.1167297363281	-412.1009216308594	-412.037970670479	0.5828041251695264	0.298426730730079	0.46161709386964944	1.7279669597765035	-0.10308814416292075	0.49491021491689	0.03140544728128876	0.02518631225764034	0.0012762815625000006	1.0	1.0	-413.03997802734375	-413.1104736328125	-412.6714782714844	-412.71405029296875	-412.1009216308594	-412.1408386230469	-412.1166076660156
0.0	114.0	-412.11297607421875	-412.1130065917969	-412.1009216308594	-412.03744641560627	0.6286016653867463	0.30998123660286864	0.492903761505741	1.6958337850787555	-0.06266877293665662	0.46275351019023153	0.02509041663365533	0.020149049806112273	0.0013400956406250007	1.0	1.0	-413.03997802734375	-413.1104736328125	-412.6714782714844	-412.71405029296875	-412.1009216308594	-412.1408386230469	-412.11297607421875
0.0	115.0	-412.1119689941406	-412.1119384765625	-412.1009216308594	-412.03804256979384	0.6077795560029805	0.28266332911180186	0.4446277176850345	1.6740631160564068	-0.09681771366649108	0.4975829210825072	0.01693816600539788	0.01611923984488982	0.0014071004226562508	2.0	1.0	-413.03997802734375	-413.1104736328125	-412.6714782714844	-412.71405029296875	-412.1009216308594	-412.1408386230469	-412.1119384765625
0.0	116.0	-412.11456298828125	-412.1138610839844	-412.1009216308594	-412.0408929125785	0.4156745439444773	0.25957255167871507	0.36000067653161844	1.6530915030333293	-0.36100908589711184	0.5758113924373671	0.029992721983144885	0.012895391875911856	0.0014774554437890634	2.0	1.0	-413.03997802734375	-413.1104736328125	-412.6714782714844	-412.71405029296875	-412.1009216308594	-412.1408386230469	-412.1119384765625
0.0	117.0	-412.113525390625	-412.1134033203125	-412.1009216308594	-412.0415390907679	0.3680199793607465	0.3136082155739684	0.4070075266678558	1.6363671495128271	-0.3646696657900384	0.5225936854211566	0.01714183380783435	0.010316313500729486	0.0014626808893511726	2.0	1.0	-413.03997802734375	-413.1104736328125	-412.6714782714844	-412.71405029296875	-412.1009216308594	-412.1408386230469	-412.1119384765625
0.0	118.0	-412.11273193359375	-412.1126708984375	-412.1009216308594	-412.04191265477215	0.33424087974614203	0.3525535252975198	0.417849361567756	1.6229946896547507	-0.356553206419382	0.5080154072753365	0.012644447757798018	0.008253050800583589	0.0015358149338187313	2.0	1.0	-413.03997802734375	-413.1104736328125	-412.6714782714844	-412.71405029296875	-412.1009216308594	-412.1408386230469	-412.1119384765625
0.0	119.0	-412.1128234863281	-412.11322021484375	-412.1009216308594	-412.04271681650835	0.24806556232348412	0.3518888788801477	0.32300159006108153	1.6123979264541957	-0.4054690374780509	0.6045393242701232	0.014064467550928921	0.008061989632270979	0.001612605680509668	3.0	1.0	-413.03997802734375	-413.1104736328125	-412.6714782714844	-412.71405029296875	-412.1009216308594	-412.1408386230469	-412.1119384765625
0.0	120.0	-412.11279296875	-412.1136779785156	-412.1009216308594	-412.0434357791945	0.19383848472726703	0.31319333291351736	0.221249428341964	1.6019941779162092	-0.4336309727001537	0.7412440868643854	0.015889848706867313	0.010077487040338723	0.0016932359645351514	3.0	1.0	-413.03997802734375	-413.1104736328125	-412.6714782714844	-412.71405029296875	-412.1009216308594	-412.1408386230469	-412.1119384765625
0.0	121.0	-412.1126708984375	-412.1123046875	-412.1009216308594	-412.04345272786384	0.19107524805933082	0.23179366992165365	0.1641756457333892	1.5889276406390278	-0.6647960299203352	0.8305873663959539	0.015032880514176995	0.012596858800423404	0.001777897762761909	3.0	1.0	-413.03997802734375	-413.1104736328125	-412.6714782714844	-412.71405029296875	-412.1009216308594	-412.1408386230469	-412.1119384765625
0.0	122.0	-412.11151123046875	-412.11151123046875	-412.1009216308594	-412.0437396747044	0.19075693969379434	0.20750037289799506	0.14014207920101868	1.5727550369711225	-0.7397495866552224	0.8665175478605465	0.014076444894198287	0.015746073500529256	0.0018667926509000046	3.0	1.0	-413.03997802734375	-413.1104736328125	-412.6714782714844	-412.71405029296875	-412.1009216308594	-412.1408386230469	-412.11151123046875
0.0	123.0	-412.1100158691406	-412.11004638671875	-412.1009216308594	-412.04395067215137	0.1992911075110875	0.2041238771819972	0.1530095653262951	1.552587889994861	-0.7028162515753958	0.8438127772110716	0.01637023622958786	0.01968259187566157	0.0019601322834450047	3.0	1.0	-413.03997802734375	-413.1104736328125	-412.6714782714844	-412.71405029296875	-412.1009216308594	-412.1408386230469	-412.1100158691406
0.0	124.0	-412.108154296875	-412.1081237792969	-412.1009216308594	-412.0440926273736	0.2028430049950901	0.19865451592523267	0.15581470572963282	1.527479911846527	-0.711305097844462	0.8358084871345235	0.019774005922077707	0.024603239844576963	0.002058138897617255	3.0	1.0	-413.03997802734375	-413.1104736328125	-412.6714782714844	-412.71405029296875	-412.1009216308594	-412.1408386230469	-412.1081237792969
0.0	125.0	-412.1058044433594	-412.1058044433594	-412.1009216308594	-412.0442900304472	0.21136581747958053	0.1939348921878073	0.1657614504036615	1.4962843267659416	-0.67631894387741	0.8145757200434531	0.024796907625454837	0.030754049805721204	0.002161045842498118	3.0	1.0	-413.03997802734375	-413.1104736328125	-412.6714782714844	-412.71405029296875	-412.1009216308594	-412.1408386230469	-412.1058044433594
0.0	126.0	-412.10284423828125	-412.10284423828125	-412.1009216308594	-412.0444201088922	0.21732226569024762	0.18877864310588893	0.17230223646579015	1.4574914836151338	-0.6696998549988546	0.7965861998811655	0.030710015118797254	0.03844256225715151	0.002269098134623024	3.0	1.0	-413.03997802734375	-413.1104736328125	-412.6714782714844	-412.71405029296875	-412.1009216308594	-412.1408386230469	-412.10284423828125
0.0	127.0	-412.0992736816406	-412.0992126464844	-412.0992126464844	-412.04462912250216	0.2252000005615351	0.18389753887608315	0.1816332310700292	1.40918603175658	-0.6289241359865043	0.7703776504517983	0.03847575793787146	0.048053202821439385	0.0023825530413541752	3.0	1.0	-413.03997802734375	-413.1104736328125	-412.6714782714844	-412.71405029296875	-412.1009216308594	-412.1408386230469	-412.0992126464844
0.0	128.0	-412.0946960449219	-412.09466552734375	-412.09466552734375	-412.04469884092947	0.23284085814627015	0.17919369475785166	0.19167604138090266	1.3491197879541654	-0.6261133501515447	0.7379299410331089	0.04787142160783178	0.06006650352679923	0.002501680693421884	3.0	1.0	-413.03997802734375	-413.1104736328125	-412.6714782714844	-412.71405029296875	-412.1009216308594	-412.1408386230469	-412.09466552734375
0.0	129.0	-412.089111328125	-412.0888671875	-412.0888671875	-412.04465931062754	0.24395061818558808	0.18245980691235736	0.2164827652256281	1.2746869923398794	-0.5325430016815715	0.6717068224665582	0.06011136355965902	0.06373434961699397	0.0026267647280929785	3.0	1.0	-413.03997802734375	-413.1104736328125	-412.6714782714844	-412.71405029296875	-412.1009216308594	-412.1408386230469	-412.0888671875
0.0	130.0	-412.0830078125	-412.0827941894531	-412.0827941894531	-412.0444250134861	0.26147643876799614	0.18738343014035663	0.24501459878839646	1.1965700598809244	-0.5601916018866289	0.5941671496558987	0.06355745605080135	0.05098747969359518	0.0027581029644976273	3.0	1.0	-413.03997802734375	-413.1104736328125	-412.6714782714844	-412.71405029296875	-412.1009216308594	-412.1408386230469	-412.0827941894531
0.0	131.0	-412.078369140625	-412.0777587890625	-412.0777587890625	-412.0441157970328	0.27047578717348203	0.19803827291465081	0.27187171727935167	1.1348770768531944	-0.42160421140554805	0.5255555896843264	0.05163915173556792	0.04078998375487614	0.0028960081127225087	3.0	1.0	-413.03997802734375	-413.1104736328125	-412.6714782714844	-412.71405029296875	-412.1009216308594	-412.1408386230469	-412.0777587890625
0.0	132.0	-412.07427978515625	-412.0740966796875	-412.0740966796875	-412.04382550374726	0.2889990257427322	0.18594617625759483	0.27077988049603013	1.086131867455694	-0.4825265290661001	0.500344874984736	0.0405400257266904	0.032631987003900916	0.003040808518358634	3.0	1.0	-413.03997802734375	-413.1104736328125	-412.6714782714844	-412.71405029296875	-412.1009216308594	-412.1408386230469	-412.0740966796875
0.0	133.0	-412.07110595703125	-412.07110595703125	-412.07110595703125	-412.04353727339134	0.29551643441672365	0.1883712568753417	0.281553953754204	1.0475877211700966	-0.45961829180557795	0.46316694783401	0.03204003235339696	0.026105589603120732	0.003192848944276566	3.0	1.0	-413.03997802734375	-413.1104736328125	-412.6714782714844	-412.71405029296875	-412.1009216308594	-412.1408386230469	-412.07110595703125
0.0	134.0	-412.0683288574219	-412.06927490234375	-412.0683288574219	-412.0432194314	0.314163293736404	0.1862375828984819	0.28780502887953413	1.016933040963911	-0.4263663000016271	0.4394763089050406	0.02589581353110588	0.02088447168249659	0.0033524913914903943	3.0	1.0	-413.03997802734375	-413.1104736328125	-412.6714782714844	-412.71405029296875	-412.1009216308594	-412.1408386230469	-412.0683288574219
0.0	135.0	-412.067138671875	-412.067138671875	-412.067138671875	-412.0431239534505	0.31907084396418206	0.18973869312204336	0.2969209045857498	0.9923672530046539	-0.4101781168797704	0.4138390627099608	0.020211967254182263	0.01670757734599727	0.003520115961064914	3.0	1.0	-413.03997802734375	-413.1104736328125	-412.6714782714844	-412.71405029296875	-412.1009216308594	-412.1408386230469	-412.067138671875
0.0	136.0	-412.06854248046875	-412.06884765625	-412.067138671875	-412.0439138043866	0.2612555017956881	0.15094521628958033	0.21891920711910803	0.9712660738438211	-0.46277259588535785	0.5464180824490549	0.02760070562780998	0.013366061876797817	0.00369612175911816	4.0	1.0	-413.03997802734375	-413.1104736328125	-412.6714782714844	-412.71405029296875	-412.1009216308594	-412.1408386230469	-412.067138671875
0.0	137.0	-412.0691223144531	-412.0703430175781	-412.067138671875	-412.0443847734437	0.22702918261197544	0.12638504852347088	0.16247642822810965	0.954662172323666	-0.5863246799863232	0.6773322169458051	0.041077765781577597	0.01670757734599727	0.003880927847074068	4.0	1.0	-413.03997802734375	-413.1104736328125	-412.6714782714844	-412.71405029296875	-412.1009216308594	-412.1408386230469	-412.067138671875
0.0	138.0	-412.0688781738281	-412.06884765625	-412.067138671875	-412.0445944023758	0.20320441603627393	0.1358586458593587	0.17231133945212124	0.9339801599480567	-0.5847488096029114	0.6465603009482452	0.017694597537862337	0.02088447168249659	0.004074974239427771	4.0	1.0	-413.03997802734375	-413.1104736328125	-412.6714782714844	-412.71405029296875	-412.1009216308594	-412.1408386230469	-412.067138671875
0.0	139.0	-412.0677185058594	-412.0677490234375	-412.067138671875	-412.04466769985464	0.17433929040549376	0.11533950671480322	0.12930338471164768	0.9094008778376667	-0.6382706754496047	0.7404018063018525	0.01995507118156768	0.026105589603120736	0.00427872295139916	5.0	1.0	-413.03997802734375	-413.1104736328125	-412.6714782714844	-412.71405029296875	-412.1009216308594	-412.1408386230469	-412.067138671875
0.0	140.0	-412.06671142578125	-412.0665283203125	-412.0665283203125	-412.04480802499364	0.13890475238411257	0.13573439157925388	0.13377910084445171	0.8765328371886938	-0.5215724421250513	0.7246926263291803	0.030934366535345516	0.03263198700390092	0.004492659098969119	5.0	1.0	-413.03997802734375	-413.1104736328125	-412.6714782714844	-412.71405029296875	-412.1009216308594	-412.1408386230469	-412.0665283203125
0.0	141.0	-412.0644836425781	-412.064453125	-412.064453125	-412.044747885088	0.1449354635608918	0.14646430797562657	0.1569066777748593	0.8355200449315574	-0.3582503264494342	0.6480846388962272	0.032353308132643276	0.04078998375487615	0.004717292053917575	5.0	1.0	-413.03997802734375	-413.1104736328125	-412.6714782714844	-412.71405029296875	-412.1009216308594	-412.1408386230469	-412.064453125
0.0	142.0	-412.06170654296875	-412.061767578125	-412.06170654296875	-412.04469723780005	0.14429571897543444	0.15334373407503185	0.1704018221093956	0.784780223094549	-0.3288379243215987	0.5852766851943867	0.04038446995655472	0.03263198700390092	0.004953156656613454	5.0	1.0	-413.03997802734375	-413.1104736328125	-412.6714782714844	-412.71405029296875	-412.1009216308594	-412.1408386230469	-412.06170654296875
0.0	143.0	-412.0596618652344	-412.0595397949219	-412.0595397949219	-412.04461446099043	0.14376307475841352	0.15399762386011323	0.1764737509900873	0.7446575303594792	-0.3263930345536812	0.5430024977195587	0.03234604533893317	0.02610558960312074	0.0052008144894441265	5.0	1.0	-413.03997802734375	-413.1104736328125	-412.6714782714844	-412.71405029296875	-412.1009216308594	-412.1408386230469	-412.0595397949219
0.0	144.0	-412.05859375	-412.05859375	-412.05859375	-412.0447702041191	0.13015890996496246	0.10374911568843741	0.12060856667965233	0.7137502735848789	-0.6232293965699821	0.6686979212032351	0.026372851398363865	0.03263198700390092	0.005460855213916333	6.0	1.0	-413.03997802734375	-413.1104736328125	-412.6714782714844	-412.71405029296875	-412.1009216308594	-412.1408386230469	-412.05859375
0.0	145.0	-412.05718994140625	-412.05755615234375	-412.05718994140625	-412.0446905584204	0.16248389867356258	0.13764685034635388	0.18128728847323383	0.6727820366561175	-0.3197238743029697	0.5050628452006403	0.04049285174509503	0.02610558960312074	0.00573389797461215	6.0	1.0	-413.03997802734375	-413.1104736328125	-412.6714782714844	-412.71405029296875	-412.1009216308594	-412.1408386230469	-412.05718994140625
0.0	146.0	-412.05596923828125	-412.0558166503906	-412.0558166503906	-412.04451682949343	0.1484868811583485	0.15320076772370642	0.1880206168479349	0.6404850675736724	-0.21174619866488406	0.47169468510156204	0.026123151980192105	0.020884471682496592	0.0060205928733427574	6.0	1.0	-413.03997802734375	-413.1104736328125	-412.6714782714844	-412.71405029296875	-412.1009216308594	-412.1408386230469	-412.0558166503906
0.0	147.0	-412.055908203125	-412.0554504394531	-412.0554504394531	-412.0448220949443	0.10191219892252493	0.12347689131157975	0.12038476102566223	0.6140559207932339	-0.40134662470277055	0.6426913381595674	0.0252358998913385	0.02610558960312074	0.006321622517009896	6.0	1.0	-413.03997802734375	-413.1104736328125	-412.6714782714844	-412.71405029296875	-412.1009216308594	-412.1408386230469	-412.0554504394531
0.0	148.0	-412.0545959472656	-412.0546569824219	-412.0545959472656	-412.04474153236265	0.10255665465769526	0.12075709286499904	0.1226327562657355	0.5811152598590678	-0.36304594364972703	0.6199731352983061	0.027875120121733744	0.020884471682496592	0.006637703642860391	6.0	1.0	-413.03997802734375	-413.1104736328125	-412.6714782714844	-412.71405029296875	-412.1009216308594	-412.1408386230469	-412.0545959472656
0.0	149.0	-412.0535888671875	-412.0536804199219	-412.0535888671875	-412.0446230962999	0.1033307249676646	0.13086637220255104	0.13286142516727353	0.5551140068558499	-0.3174740497056821	0.5732888751576581	0.020761550476042518	0.016707577345997274	0.006969588825003411	6.0	1.0	-413.03997802734375	-413.1104736328125	-412.6714782714844	-412.71405029296875	-412.1009216308594	-412.1408386230469	-412.0535888671875
0.0	150.0	-412.05328369140625	-412.0532531738281	-412.0532531738281	-412.04477325096366	0.09463635538020349	0.10358422496748917	0.10651991511150391	0.5344441683169766	-0.5071023209474361	0.6466536978621218	0.018047376857398555	0.020884471682496592	0.007318068266253581	7.0	1.0	-413.03997802734375	-413.1104736328125	-412.6714782714844	-412.71405029296875	-412.1009216308594	-412.1408386230469	-412.0532531738281
0.0	151.0	-412.05267333984375	-412.05242919921875	-412.05242919921875	-412.044779482235	0.08489847617925277	0.0990745729357072	0.09466875653171176	0.5086060927373233	-0.51659126591746	0.6779708145864409	0.021863017599409017	0.025430304636866165	0.00768397167956626	7.0	1.0	-413.03997802734375	-413.1104736328125	-412.6714782714844	-412.71405029296875	-412.1009216308594	-412.1408386230469	-412.05242919921875
0.0	152.0	-412.0515441894531	-412.05157470703125	-412.0515441894531	-412.0447171432586	0.09235008298683288	0.09660469412358957	0.10587774762309944	0.47737103541495146	-0.44620724211521895	0.6084432651768935	0.025627834870406308	0.020344243709492935	0.008068170263544575	7.0	1.0	-413.03997802734375	-413.1104736328125	-412.6714782714844	-412.71405029296875	-412.1009216308594	-412.1408386230469	-412.0515441894531
0.0	153.0	-412.05078125	-412.0508117675781	-412.05078125	-412.04467219882207	0.09028451654066415	0.10213630904203932	0.11103139066925326	0.4528126458924277	-0.3755259289599034	0.5706072673723924	0.019966541852101775	0.016275394967594347	0.008471578776721804	7.0	1.0	-413.03997802734375	-413.1104736328125	-412.6714782714844	-412.71405029296875	-412.1009216308594	-412.1408386230469	-412.05078125
0.0	154.0	-412.0502014160156	-412.05023193359375	-412.0502014160156	-412.0446298140893	0.086864769232757	0.10015350401558414	0.10844753266768031	0.4333014511125319	-0.34376618035307877	0.562295388120104	0.016017067041572422	0.013020315974075478	0.008895157715557895	7.0	1.0	-413.03997802734375	-413.1104736328125	-412.6714782714844	-412.71405029296875	-412.1009216308594	-412.1408386230469	-412.0502014160156
0.0	155.0	-412.0498352050781	-412.0498962402344	-412.0498352050781	-412.04467235982975	0.09124518459475009	0.09789407851929441	0.11321388392889076	0.4178185123647139	-0.3126796851889493	0.5289415684800195	0.012751442278116318	0.010416252779260383	0.009339915601335791	7.0	1.0	-413.03997802734375	-413.1104736328125	-412.6714782714844	-412.71405029296875	-412.1009216308594	-412.1408386230469	-412.0498352050781
0.0	156.0	-412.050048828125	-412.0499572753906	-412.0498352050781	-412.04481789835694	0.07843597971784651	0.07418112260237701	0.08025893732389154	0.40541416261394825	-0.5819545432737977	0.6658849104081438	0.025882401838158788	0.013020315974075478	0.009806911381402581	8.0	1.0	-413.03997802734375	-413.1104736328125	-412.6714782714844	-412.71405029296875	-412.1009216308594	-412.1408386230469	-412.0498352050781
0.0	157.0	-412.049560546875	-412.049560546875	-412.049560546875	-412.0447429759941	0.07686074283176894	0.06145408884175189	0.06746185219213385	0.3899468223808227	-0.5476122392306125	0.7095095306497192	0.014106828034486511	0.016275394967594347	0.008335874674192193	8.0	1.0	-413.03997802734375	-413.1104736328125	-412.6714782714844	-412.71405029296875	-412.1009216308594	-412.1408386230469	-412.049560546875
0.0	158.0	-412.0491027832031	-412.0490417480469	-412.0490417480469	-412.0447339638985	0.07670586558591076	0.059354658484912746	0.06834350568823937	0.37108861261604725	-0.5123044056374978	0.683787110551841	0.016639718968720126	0.018554430630802362	0.008752668407901804	7.0	1.0	-413.03997802734375	-413.1104736328125	-412.6714782714844	-412.71405029296875	-412.1009216308594	-412.1408386230469	-412.0490417480469
0.0	159.0	-412.04852294921875	-412.04852294921875	-412.04852294921875	-412.0446816090712	0.07905285110363829	0.05584308589807999	0.06872548720116323	0.34993596034351415	-0.47728698957683213	0.6562128602148571	0.01936876574801751	0.01749679801717571	0.009190301828296894	7.0	1.0	-413.03997802734375	-413.1104736328125	-412.6714782714844	-412.71405029296875	-412.1009216308594	-412.1408386230469	-412.04852294921875
0.0	160.0	-412.04803466796875	-412.04803466796875	-412.04803466796875	-412.0446592404235	0.08043240047427057	0.05568517272703545	0.07268231023475037	0.33041392419074933	-0.3934255701081919	0.6071557339371235	0.017303237648586156	0.013997438413740569	0.00964981691971174	7.0	1.0	-413.03997802734375	-413.1104736328125	-412.6714782714844	-412.71405029296875	-412.1009216308594	-412.1408386230469	-412.04803466796875
0.0	161.0	-412.047607421875	-412.0476379394531	-412.047607421875	-412.0446058940217	0.07879967672757282	0.05642042580080719	0.07539803984941974	0.31507103803532815	-0.3124432167580894	0.5688271965728728	0.013434540752639326	0.011197950730992456	0.010132307765697327	7.0	1.0	-413.03997802734375	-413.1104736328125	-412.6714782714844	-412.71405029296875	-412.1009216308594	-412.1408386230469	-412.047607421875
0.0	162.0	-412.047607421875	-412.0475769042969	-412.0475769042969	-412.04468103687196	0.05474312660122193	0.06712120433830816	0.06410406815026877	0.3019420802834549	-0.30120081930547454	0.6539193961273908	0.017884959427813228	0.008958360584793965	0.010638923153982193	7.0	1.0	-413.03997802734375	-413.1104736328125	-412.6714782714844	-412.71405029296875	-412.1009216308594	-412.1408386230469	-412.0475769042969
0.0	163.0	-412.04736328125	-412.04742431640625	-412.04736328125	-412.04469399145637	0.05554985355079607	0.06711664786209076	0.06701410758534121	0.2914980754059284	-0.2778601641637691	0.6210381190431802	0.008587550712357152	0.0071666884678351726	0.009043084680884864	7.0	1.0	-413.03997802734375	-413.1104736328125	-412.6714782714844	-412.71405029296875	-412.1009216308594	-412.1408386230469	-412.04736328125
0.0	164.0	-412.0473327636719	-412.04736328125	-412.0473327636719	-412.0447480446191	0.048124761128344885	0.0469373152250448	0.042750179647237985	0.2829936494385145	-0.7492486012430823	0.7696565577336728	0.008935382101573987	0.008958360584793965	0.009495238914929108	8.0	1.0	-413.03997802734375	-413.1104736328125	-412.6714782714844	-412.71405029296875	-412.1009216308594	-412.1408386230469	-412.0473327636719
0.0	165.0	-412.0470886230469	-412.04718017578125	-412.0470886230469	-412.04470763078507	0.05352317116514321	0.046097935578918496	0.049128279090436905	0.27238240312099044	-0.5165861213497859	0.7095043287331811	0.009168983151712164	0.011197950730992456	0.009970000860675564	8.0	1.0	-413.03997802734375	-413.1104736328125	-412.6714782714844	-412.71405029296875	-412.1009216308594	-412.1408386230469	-412.0470886230469
0.0	166.0	-412.04693603515625	-412.0468444824219	-412.0468444824219	-412.0446916851211	0.05030536468000359	0.04508031592270769	0.04731627428713417	0.25876236682517195	-0.47390233979615176	0.708007857672682	0.011025614632591444	0.012938118341258598	0.010468500903709342	9.0	1.0	-413.03997802734375	-413.1104736328125	-412.6714782714844	-412.71405029296875	-412.1009216308594	-412.1408386230469	-412.0468444824219
0.0	167.0	-412.046630859375	-412.046630859375	-412.046630859375	-412.04468645737126	0.05504752510447952	0.04087454367343627	0.048552254847701926	0.24319457185157714	-0.4180207700268417	0.6719381207584596	0.012602450711579923	0.012159728592578857	0.01099192594889481	8.0	1.0	-413.03997802734375	-413.1104736328125	-412.6714782714844	-412.71405029296875	-412.1009216308594	-412.1408386230469	-412.046630859375
0.0	168.0	-412.0463562011719	-412.04644775390625	-412.0463562011719	-412.04468633229203	0.05527613355558635	0.04021176791804191	0.0501720248677196	0.22857518670097088	-0.4996566910073173	0.6355848595986329	0.011754520710381064	0.009727782874063087	0.01154152224633955	7.0	1.0	-413.03997802734375	-413.1104736328125	-412.6714782714844	-412.71405029296875	-412.1009216308594	-412.1408386230469	-412.0463562011719
0.0	169.0	-412.0462951660156	-412.0461730957031	-412.0461730957031	-412.0446953745898	0.0477360095079663	0.041731884902998284	0.04869919908499696	0.2170047058281573	-0.5250437743125259	0.6310503947330012	0.009455903945110913	0.00778222629925047	0.012118598358656528	7.0	1.0	-413.03997802734375	-413.1104736328125	-412.6714782714844	-412.71405029296875	-412.1009216308594	-412.1408386230469	-412.0461730957031
0.0	170.0	-412.046142578125	-412.0461120605469	-412.0461120605469	-412.044701974949	0.04764577144184878	0.04942525160457298	0.056424296217159185	0.20716417819309962	-0.07909018461170579	0.5683666612207533	0.009225938547446409	0.006225781039400376	0.012724528276589354	8.0	1.0	-413.03997802734375	-413.1104736328125	-412.6714782714844	-412.71405029296875	-412.1009216308594	-412.1408386230469	-412.0461120605469
0.0	171.0	-412.0460205078125	-412.0460205078125	-412.0460205078125	-412.0446790448444	0.039071825192114586	0.037055845499495484	0.03822749983032291	0.19999999999999976	-0.4581880766839056	0.7026436797060713	0.006189215836089194	0.00778222629925047	0.013360754690418824	8.0	1.0	-413.03997802734375	-413.1104736328125	-412.6714782714844	-412.71405029296875	-412.1009216308594	-412.1408386230469	-412.0460205078125
